0.278756,-1.2555,-2.69314,-2.58718,-3.44652,-0.250741,-2.6714,1.26353,1.74963,-0.91287,-1.48045,-1.61046,2.51162,0.840115,-1.15232,-2.70327,0.177862,-2.10205,0.506668,2.63872,1.32182,-1.63659,-1.01828,-2.93234,3.47111
-0.724819,-2.53731,-0.721854,2.26075,0.0578632,-1.23731,2.52315,2.85153,-2.38441,2.75155,-0.968719,1.21097,3.17933,1.54967,2.8331,-1.37297,1.43273,2.77181,-1.71789,1.70635,-0.758141,0.190192,3.09097,-2.07941,2.52663
3.18186,2.11396,-2.83475,-0.891141,-1.77363,1.82293,-3.05198,1.54351,-0.308115,2.81277,1.17087,2.04456,3.1934,0.617084,0.677813,0.739585,2.73318,1.48149,1.30399,-2.55461,-0.661519,-0.433485,-1.4196,-1.73022,1.72857
0.130253,1.78473,-0.47557,0.769372,2.28013,-2.11859,2.55678,2.451,0.512899,2.58065,-0.846827,2.50264,-0.931486,-3.0481,1.2714,-0.0194709,-1.87774,3.50181,2.10986,-2.65929,0.88101,-0.974889,-1.59545,2.56231,0.671102
-3.55888,2.62447,-3.30247,2.98105,2.76144,1.10813,-0.617271,1.47807,1.99112,0.0112042,-0.312082,-1.18949,-0.0130013,-0.706687,1.46001,-3.55318,-2.16504,1.06189,-1.88147,-0.378002,0.437024,-0.527604,-0.445875,0.858487,3.10038
-2.41132,-1.06906,-0.179754,1.98767,-3.76714,3.49241,-0.985686,-2.82367,0.48866,0.504777,1.33299,-0.281137,3.45061,1.40705,-1.72411,1.78793,0.404126,2.12022,2.37751,-0.0721458,-0.985137,-2.97318,1.70525,0.929289,-0.66921
-1.47789,0.462448,0.994965,0.405009,0.173589,-1.46409,-1.84686,1.8645,-0.986114,2.79781,-0.496902,1.56545,-1.31932,-3.09678,-0.896512,-0.298658,-0.797616,-1.51451,1.53459,-1.07951,1.57287,-2.04535,-2.51589,-2.17899,-2.61818
-0.500504,-1.63958,-2.26442,0.933531,-0.92111,-2.35249,0.260567,2.53509,-1.08603,-1.28663,0.64272,-2.30653,-0.845391,0.452651,-0.062778,2.91791,-1.84197,1.38078,-2.3766,-2.05359,-3.23032,0.0877712,1.27732,0.602039,3.76
1.73351,1.13535,-0.675008,3.23802,2.14335,1.90429,-2.46721,0.301587,-0.880155,1.02762,0.774987,-0.554399,0.723528,1.93756,0.0958888,-1.0286,0.60158,-1.98627,1.94582,-0.444776,-0.660054,2.70943,-0.697226,-0.295539,1.48183
-3.01086,-0.423048,1.11924,-1.80627,-0.136967,2.18744,1.97919,0.399243,-2.17286,-2.74337,-1.74715,1.68477,2.40946,-2.42238,-0.4297,1.88623,1.37175,0.762963,-2.42653,-1.39464,-0.134159,-1.22111,-1.38725,2.9551,1.85831
-0.367809,1.33933,0.915734,-1.55675,1.06351,-1.76645,-2.35945,0.684225,1.92343,-0.721092,1.28126,-1.04554,1.20121,-1.60647,1.17655,-3.49144,-2.8135,-0.0301832,2.32321,-1.24973,0.863674,2.61117,-1.67534,3.0011,2.19422
-0.110203,2.39662,1.18552,-1.45698,2.02991,0.878506,0.31584,-2.4391,-1.97015,-0.7969,-0.985748,-1.07704,-2.30763,-1.87311,0.528366,-0.0806608,3.02411,-2.9683,-2.33607,0.0275279,-1.63863,1.98377,1.91993,-2.21546,-3.23033
2.59695,-2.97123,-0.81069,-1.82732,1.32273,0.721584,0.532972,0.623953,-3.16257,2.47169,1.67812,0.0623188,-0.134862,-2.37366,-1.43528,-0.110477,1.2374,2.00061,1.5317,1.24681,-2.38802,-2.26399,2.65512,-2.82821,2.29316
0.905911,-1.49571,3.54417,1.17942,-2.29237,2.53627,-1.01253,0.352062,2.1286,-0.306955,1.88214,-0.195258,3.56053,-2.95978,1.81341,0.558703,-0.56032,-0.935881,-0.749108,-1.00559,1.23142,2.37159,-2.86831,1.67642,1.1283
-1.09098,-2.52351,-1.89911,-4.86245,-1.93316,-0.148869,-1.2866,-0.521193,0.114449,3.13694,-1.40367,2.97982,-0.213202,-1.54585,-0.197577,2.22828,-2.02924,0.832302,1.67755,-1.10013,2.37862,-0.751488,1.64953,0.624535,-0.466506
-2.29084,2.71768,2.29475,-1.77875,-2.92678,-1.19437,1.5685,1.92731,2.31407,0.591445,-3.74102,-0.110538,1.21278,1.75933,-1.39341,2.10175,3.27561,2.51057,2.01245,2.53578,2.37263,0.587207,-0.294748,-0.635151,2.43523
-13.6933,2.92977,-1.40093,-1.74938,1.06631,-1.66543,-13.2619,-7.91756,-2.26868,-2.84259,1.89487,-11.1962,-16.4004,-1.75805,-6.35153,1.73455
-2.96279,1.4531,-1.62987,0.687948,-0.445326,-3.34666,2.12507,-0.315586,0.754906,0.950287,-1.81536,0.702597,0.449446,-0.466506,0.893521,-1.78448
-1.44444,-0.979886,2.49031,-3.5587,-1.35509,-1.55815,2.09491,-1.87294,2.04584,2.17439,1.09623,0.894803,-0.49086,-0.358288,1.12387,-0.193581
-0.861232,1.82506,0.116641,-0.689261,2.90417,-0.66964,-0.87848,2.70639,0.49794,1.906,1.29386,2.41511,0.158909,1.79327,-0.34907,-3.74071
3.71264,-2.09971,-0.575945,-2.25638,-1.30326,1.26816,1.76378,1.5656,2.23583,-0.382763,0.315806,1.18052,-2.79403,-1.23283,-1.26317,-2.41676
-1.40168,-2.57363,0.700949,2.89993,-2.27314,1.39604,-1.45467,1.67791,-1.57366,-0.435137,0.728172,-1.91547,-2.21259,2.88351,1.43553,0.629658
-1.88733,-0.148259,-2.73776,0.680502,0.328746,0.397137,-0.911652,2.58797,-3.42369,-3.31229,3.51067,1.67253,-1.0079,-3.46928,2.6794,-1.16575
1.23167,1.63527,0.527851,-0.917847,-3.06412,-0.532639,-3.39622,-1.76018,-1.51946,1.80322,-2.6924,3.34953,-0.00271671,0.59331,0.518261,1.56901
0.386914,0.758934,-1.48223,0.193218,0.699423,2.44307,1.85192,-0.106999,0.402966,2.6603,-1.67458,-2.78744,1.96695,3.15036,0.451003,-0.103488
1.0679,1.67629,3.20154,0.178655,-0.772271,1.08206,-0.171331,0.71847,0.347606,1.50163,3.10349,-0.497483,2.68129,-5.26945,-0.305795,0.531327
2.15784,1.84008,2.22846,-1.78661,1.7857,0.592242,1.42009,-0.810755,-1.64351,-0.836965,1.18903,1.94726,2.10132,1.35801,-0.132023,-0.814238
-0.326304,0.694845,1.99649,-2.80352,1.95819,2.26166,-0.076479,-1.84173,-1.02103,0.379768,0.900113,-0.770471,-1.52885,2.60811,-1.52855,0.65096
2.39002,-0.558642,0.753868,3.03421,-1.60619,1.53892,0.608722,-1.2006,1.40184,1.63432,2.60646,-1.0303,-2.34791,3.31147,2.82919,0.210792
0.0350966,2.71371,-1.00888,1.63005,1.27329,-2.25617,-0.682153,2.96856,2.36881,-0.670064,-1.91845,-2.53004,2.06244,0.94925,-0.516678,-1.26585
1.73372,2.21476,2.10581,-2.84009,2.12934,1.92858,1.94464,-1.65752,3.74767,-2.0766,1.66021,-0.655721,0.545919,1.36631,-1.93304,-0.832972
-1.70202,-2.1449,-0.697108,1.53978,-1.72399,0.164739,-1.10593,-1.33033,-0.907346,-1.39842,0.685021,-0.0651263,-2.59804,-1.49644,-0.77456,-3.08164
-1.86389,2.66262,-2.21509,0.562304,1.38585,0.937467,1.74914,0.10416,1.50607,-1.20395,-0.0806601,-0.120792,0.526021,-1.22959,0.316782,1.91235
-4.74971,0.00924754,2.4796,-2.2825,-1.48827,-6.20695,-2.65747,1.11765,3.65771,-2.27155,-2.47261,0.610553,-1.92957,-1.8077,-16.6363,0.925323
-2.5879,3.64678,-1.65624,-3.51388,-2.16175,-0.250496,-2.99045,-1.55987,1.17628,1.77947,0.0712304,-1.05213,0.856654,-1.96668,0.236457,0.243537
0.280831,0.681418,-2.49806,-1.16794,0.957971,-2.24372,-2.73678,-1.25309,-0.85031,2.77792,1.1893,-1.34605,-1.60118,-0.00891093,-1.10422,-1.34831
1.74529,1.74844,-2.48823,-0.59798,1.36253,-1.53222,1.54741,-0.943327,-0.139561,4.15537,-0.406781,-0.0721434,3.13581,1.24747,-0.620685,-0.372997
-0.0668054,1.38096,0.222598,-2.53908,0.354076,0.15674,1.98663,0.732746,-0.784661,0.771356,0.507031,2.21839,3.48277,-1.41062,1.20182,-2.26563
-1.58232,-0.299448,1.70947,-1.34812,-0.634479,-0.187502,-0.656148,-0.09888,2.06732,0.595965,-0.337046,-1.14829,3.07157,0.496963,2.70833,-2.21039
0.181158,-0.794492,0.0920436,1.4124,-2.065,-1.74242,2.72823,-0.281381,-2.61232,-0.154423,1.16688,-2.1518,-3.14238,1.15403,-2.63686,-3.69988
1.36143,1.17411,-3.25547,2.2425,0.130314,-0.00366223,0.837092,1.66064,-2.14442,1.16581,-1.0253,-1.91961,1.96988,3.2942,-2.23322,1.13846
0.312876,-0.372754,-3.05283,-1.50578,1.39766,-0.491167,1.5695,-2.33424,0.166448,3.44066,-0.716452,-1.61608,0.810389,0.00244197,1.47441,1.4951
0.799341,2.54933,-2.77334,0.739708,-3.26816,-1.88782,2.28858,0.365368,1.37749,-2.6512,-2.45176,1.92071,-0.0635679,3.59883,0.750449,0.880154
3.55687,0.158391,0.47084,-1.14579,-1.27347,1.08798,-1.66448,-1.93951,2.44166,-1.12244,1.05808,1.59362,0.130008,0.63802,-0.0835899,2.56337
0.755514,2.02631,-1.03998,1.72008,0.0434895,-0.179995,0.330454,0.700583,-2.01086,-1.48002,-3.04435,-0.951139,-0.374035,0.235542,-0.163579,-0.613178
0.347667,-0.473037,-1.5808,-1.98254,-0.301832,-0.672565,0.132084,-0.480117,-2.68502,-2.03608,0.18366,-1.42478,0.465957,-2.60567,-2.42594,-2.49312
-1.16623,-0.550338,0.119877,1.07913,1.72496,3.50578,0.141606,0.901211,-1.18491,-2.0907,1.8764,-0.814207,-1.39,3.56737,3.546,-1.9386
0.629112,-0.0408944,-1.20047,-0.338939,3.2309,0.519523,1.37412,0.172247,-2.11402,0.678121,-2.2729,3.34827,-1.1586,0.642262,2.69686,0.98727
-0.553144,0.390454,-0.625602,0.829798,-0.729819,-1.52037,-1.06436,-2.2707,1.62255,-1.15256,3.27952,-0.798119,3.16184,-2.04816,-1.98285,-0.82284
2.84121,-1.0925,1.56255,-0.648304,0.548728,-0.575461,-0.699088,-0.800593,1.03464,1.05289,1.74932,1.13401,1.37522,2.17975,-1.58086,-2.62441
-9.72899,-10.2711,-2.25489,0.737815,-0.186651,-12.5462,-0.0891439,0.325572,-2.19318,0.546525,-4.04516,-18.0321,-0.177496,-1.49082,-4.28436,0.622639
-0.896817,-0.777429,1.39525,2.50734,-0.477558,-0.966647,-2.87286,1.9407,0.512589,0.526628,-0.372841,3.93484,-3.01629,0.0712912,3.43489,0.247474
1.54918,-3.30882,1.79925,3.71234,1.28486,-0.100772,-1.99139,1.97552,-2.89157,-1.14457,-0.562822,-1.56169,-3.44901,-1.81454,0.494218,1.5764
-2.5334,-1.98798,-2.09235,-1.97412,-1.51537,1.98358,-2.23322,-1.14194,1.92422,0.772057,-1.98273,-0.267861,-0.631275,3.35417,0.425062,-1.17259
1.35374,1.16721,1.44865,-2.69882,-1.93872,3.59672,-0.763573,1.99159,-0.647907,3.18259,-0.619249,1.89254,0.61098,-0.829249,-1.43602,1.21726
2.50844,3.54466,1.80193,-0.0367438,-0.886807,1.0568,1.88699,-0.959497,-2.1421,1.77905,-1.86688,-0.549543,4.36772,0.0824606,1.72899,-0.19251
-1.32212,1.47991,0.842799,-2.3227,-1.40477,-1.88723,2.0224,1.07114,1.10136,1.58263,1.02615,-2.23786,1.9107,0.330727,1.41847,3.50309
-2.02057,-1.23808,2.85263,-0.179908,-1.5637,-1.65978,-3.55638,3.08469,0.263924,1.13602,2.14289,1.31913,0.00116009,0.919153,-1.16166,3.2302
0.33021,0.561357,0.778771,-2.67922,-2.55088,0.707053,1.35515,-0.0507526,-2.1579,0.584429,0.751731,0.94186,-1.27708,-2.81756,0.739799,2.36763
-0.297861,4.92246,0.422647,2.57961,1.00552,1.2288,1.54765,1.1478,1.98904,-2.33809,3.51982,2.53731,0.909115,-1.79101,2.91012,3.46403
1.20493,-3.26512,3.95837,-2.59804,-1.93439,-3.9176,3.83733,-1.88501,-3.77572,-0.10767,1.62328,1.71346,-2.05096,0.426771,-0.671957,1.30088
1.79052,2.64504,2.7181,2.17902,-2.01337,2.30067,3.22269,3.64354,-1.973,-0.237617,1.89003,1.57927,-0.608783,3.35621,2.22681,2.88296
5.05432,1.24857,-0.119755,1.81701,1.56993,0.446364,0.937773,2.10648,-0.649861,-2.1109,1.89923,1.84417,-2.85303,-0.218696,-1.3961,1.76682
-1.05069,0.731102,-1.78155,-0.93878,3.21129,-0.778467,-0.834131,3.48253,-1.40416,-0.469314,-1.15919,-1.57891,-0.401257,0.955596,1.93118,2.09894
2.36726,0.753319,-2.63249,-0.0670797,-1.92248,0.927583,1.77099,3.32261,0.889155,0.136299,1.05533,-2.66793,1.24662,3.72539,-2.8312,0.960292
-1.37627,-1.92175,-2.08792,-1.02908,-0.800928,0.284189,2.11304,0.884179,-0.272377,-1.46788,2.56509,2.98904,0.0448618,-1.79119,0.608718,0.569501
-2.33937,1.65066,-0.0423629,-3.64171,3.26163,-1.72826,-0.502762,-0.0689715,-1.63,-1.97678,-2.97653,-0.650441,-2.04175,0.488908,-4.16392,1.15836
1.40873,-4.43341,-9.07374,1.81732,-2.19818,0.879055,-2.02734,-2.41541,-0.718227,-6.14143,2.06635,3.08645,1.1677,-0.58303,-0.688778,-15.2033
0.928129,-2.33161,-2.29225,-0.385815,-0.353834,-1.32182,1.05411,-1.22394,2.23603,1.64385,-0.937285,-1.91552,0.902063,2.3664,1.65349,-1.541
0.021485,-1.7357,-2.4698,-0.628201,-0.273995,-1.12333,-1.23561,2.02112,2.21057,2.17765,-1.142,3.33601,-2.22615,0.618671,0.288705,-1.79577
-2.56765,-1.59106,2.83034,-0.787012,-1.65914,2.99149,2.00055,2.90224,-0.480484,0.529862,0.221931,-1.41624,3.11856,-0.282566,0.877037,-2.30213
-0.0739776,1.52836,-1.58537,-1.40324,2.43434,-0.040219,1.24723,-0.861538,0.0804468,-1.1981,-2.19239,-1.69292,0.0892972,-2.83938,-0.0471814,0.910891
-3.32078,-1.14075,-1.47566,-0.660179,-0.130772,-0.877891,2.12585,-2.78451,0.768698,0.265758,-2.70274,3.3169,0.259041,-0.919222,2.54885,-0.0701313
-0.452956,2.16276,0.351634,-0.575518,-0.15302,2.98547,-0.652422,0.237434,3.43302,2.37581,2.96599,-1.80487,2.1507,-0.139714,-1.67919,1.22178
0.0878933,2.63112,-1.64245,-2.22969,-1.94262,-1.01834,1.88079,-0.914638,-2.65243,0.185796,1.03562,1.67864,-1.68322,0.89404,-3.2549,1.24681
1.69665,-2.43733,-1.73537,1.18955,3.87317,-0.200384,-1.48308,-4.81054,-2.6448,-0.641377,-1.48619,-0.879879,0.784632,-2.41264,-0.559526,1.45286
0.613423,-2.39125,-0.907377,2.66985,-1.35511,0.520707,1.35203,-0.803247,-0.934721,-2.00305,-0.648274,1.55394,-1.99701,3.92205,-2.93313,1.72073
-1.43993,2.41047,1.63049,3.11041,0.946196,-3.26487,-1.49522,1.41808,-0.88406,1.3252,-2.00909,0.366161,-2.63576,-0.659781,-1.9375,-1.2046
-2.71797,4.70403,0.539085,-2.55077,-2.21042,2.58293,3.18509,-1.94104,0.131169,-1.37145,2.605,1.44334,-0.889431,0.108035,1.47612,1.21244
1.36009,-1.92993,0.36201,0.626759,-3.77219,1.18094,-2.17707,1.40934,-2.29973,2.94192,2.05567,1.0896,-2.33718,2.95401,-2.63414,1.7918
-1.06064,2.62746,0.731346,0.00231952,-1.5306,-0.94781,-0.960479,3.30454,-2.0705,0.441722,-3.13477,-0.883084,1.37608,-1.81958,1.46392,3.20017
-1.36103,0.767785,1.18796,2.01984,-1.04941,0.767968,-0.712058,-1.59057,3.20682,-2.29139,-2.33976,-0.777732,-0.116393,-0.933012,0.940638,2.27131
-2.17994,-1.19437,-0.792505,-1.73235,0.565451,2.26362,-3.68413,-2.82522,0.431256,-0.162145,0.983738,-2.87976,-3.47484,-2.81021,1.58886,1.79492
-2.68056,2.11407,3.49262,-0.520949,2.27882,-0.128422,2.44166,2.13398,-2.9375,1.28758,0.469558,0.685931,-2.21174,1.09323,-2.39173,-2.08163
-1.519,-1.95633,-1.02347,-5.64374,-4.79753,1.34196,-5.69757,-10.2942,-1.62044,-7.77649,1.27158,0.621906,0.0537737,-1.97492,-14.1076,-8.87487
2.99899,0.69033,1.06003,-1.34709,-2.30979,2.03934,-1.47118,-2.04242,-3.43016,3.04342,-2.51961,0.231147,1.27408,0.606098,-0.0309458,1.5797
2.67495,1.94287,-2.01103,2.06794,-1.63774,-0.955748,-2.61872,1.74877,2.26545,1.51018,-1.72888,-1.41051,-1.29441,-2.19495,-0.249703,-3.43691
-0.954802,0.494583,-2.70248,2.47383,-2.94778,-3.59306,-0.713738,-0.464858,1.36265,0.0572528,-0.539445,1.19437,-3.05783,-1.76214,-1.42705,-0.618308
-1.40858,2.62227,2.77615,1.2888,-1.95367,1.23045,-1.72253,-1.56798,2.07489,1.05112,1.82971,-2.89853,-1.94745,-1.87225,-0.684866,-2.51412
0.979583,-0.201391,0.434553,-0.822718,1.85675,1.16163,0.145146,-0.0508435,-0.0744652,2.56261,1.0806,0.582965,1.87677,1.81845,2.62264,2.02356
2.18174,0.118534,1.36528,-1.81982,4.30271,1.93945,-2.42951,-2.76309,-1.99908,1.04882,2.66606,0.412091,-0.313975,1.9266,1.01773,1.24693
-0.553606,-1.11698,2.56471,-1.57518,2.15806,0.256417,-0.9942,-0.544358,0.849147,-2.10584,-1.80721,-0.905846,-2.37104,-2.62075,0.458632,-2.45134
1.30345,-1.81588,-1.14463,1.38304,-1.26982,1.01119,-1.17594,-0.290719,1.09848,0.0998566,3.65001,0.401868,-1.89098,0.0870435,0.194709,-1.37563
0.33131,2.48592,2.33393,-3.12043,0.485885,-1.23487,0.733482,2.76595,-2.40022,-0.480483,-1.14835,2.51448,-0.957637,-1.2975,1.10129,-0.339183
-0.207343,-3.01264,-0.455978,2.6553,-2.83975,-1.85729,-2.35353,-0.327247,0.588885,2.70266,-1.31412,0.381664,-2.07157,-0.445997,-0.752952,1.25047
1.82769,-0.553115,-1.59881,1.46111,-1.61065,-0.451882,-2.46449,2.00885,0.128605,-1.45768,0.810026,1.99597,-1.07456,1.31425,0.693438,-1.31474
2.9509,0.66567,0.0610979,0.324076,2.38453,2.2887,-2.45595,0.69845,2.9708,-3.11844,0.615163,-0.549028,-3.16795,3.60643,-0.70278,-2.11212
1.12604,0.628376,0.197271,-0.844567,-2.9819,-2.98801,-1.73309,0.183295,-2.78121,2.47523,1.36677,-0.582359,0.879666,-0.0139162,-1.18253,1.04578
0.750572,-3.68743,-1.48625,-2.61648,-2.05323,-0.350169,1.83791,-1.3972,0.203192,2.7883,1.25138,-1.73058,-0.849116,1.06485,-2.92722,-3.64208
-2.15662,0.126225,-2.48011,0.0227056,0.752221,-1.01699,-3.08875,-0.591208,-1.90473,0.29078,-2.48665,0.517594,-1.97271,-1.68578,0.134983,3.4655
-2.82174,1.83282,-2.00513,1.62578,0.424508,0.825891,1.6151,-1.89264,-0.469253,2.11719,-2.88699,0.878776,-3.80151,1.61113,-2.23261,-2.79593
-1.38878,-5.32843,-13.1988,-3.69658,2.64589,-0.836574,-10.7594,0.26605,-2.43935,-8.05945,-1.37443,1.83496,-5.20515,-12.8435,-12.0735,-7.97459
1.06449,-1.05442,1.08625,-1.41264,0.955656,-1.74667,-2.09192,1.24866,-1.97112,-0.254739,2.55379,0.637715,0.723013,-0.179144,-0.757742,-1.18265
-3.21,-0.559278,1.01578,-3.12103,1.98498,-2.22114,3.51329,1.24534,0.396741,3.09604,2.87069,2.26685,1.69652,1.50438,3.09195,1.51949
-2.62789,-1.38597,-2.00421,-1.18674,0.616474,-2.9935,-1.14695,1.93426,1.2512,1.32212,-1.10544,-3.10782,1.32401,2.7604,3.29111,-0.117344
-0.621632,-2.88656,-0.438612,2.28401,-2.64593,0.80636,0.967228,-2.63359,-1.90167,0.728782,-0.227267,-3.17667,-0.419264,0.205878,-3.36833,-0.533891
-0.37196,1.14044,-0.699911,-1.02124,1.61022,1.71422,-2.87136,-1.27348,1.82147,0.110355,1.94085,-3.23301,0.110599,-1.25709,2.04456,-0.960356
-1.45466,2.33485,-1.11649,1.13297,2.30775,2.13461,-3.17045,0.610615,-1.51042,-1.89147,1.26338,0.792565,-0.0266125,-1.11887,0.7911,-0.790856
-1.26942,2.21955,3.91531,2.10371,-1.98535,-1.56709,1.23707,-1.97235,-0.474136,-1.59334,0.858913,-0.621596,1.67211,3.65019,-2.51534,0.023377
-2.62825,1.36375,1.02835,0.286447,0.241404,-0.26484,0.63332,-1.79229,-0.796231,1.48156,1.95947,-2.26264,-3.0484,-1.41194,2.4825,-0.969481
2.44441,-1.57085,-0.815394,2.15229,-2.54231,-2.81411,0.258309,0.69668,-0.863004,-1.61883,1.45744,-1.70843,-1.86437,-1.5089,-0.0175787,0.654863
1.92398,2.17799,0.432107,1.51814,4.06174,2.30234,1.31212,-0.333628,-0.272103,-2.63338,1.45634,0.844268,3.0043,1.42686,-2.14325,-2.30854
-0.449352,0.00109882,-0.684927,1.72289,0.516556,0.88443,-1.02029,2.76126,2.22162,-3.06195,1.68136,-1.75884,0.663414,-1.19315,3.06016,2.1645
-2.47918,-2.85519,-0.437514,-0.881657,-0.408948,0.748737,0.763695,1.16056,2.12171,-1.82342,0.827571,2.18336,-0.208778,-0.41316,0.87381,-0.605787
-0.384959,-1.28648,0.277779,-1.84881,1.27745,-1.67693,-0.922847,-1.10251,-3.15598,0.756985,-3.2526,-1.37162,4.48383,0.140812,3.59389,3.56295
-1.13541,-0.977934,-0.367138,-0.4944,2.24543,-2.41438,0.986478,-1.244,0.045778,1.96136,0.441359,1.11368,-0.869292,-2.58434,0.0556051,2.95972
2.34864,-0.917203,-2.184,1.55541,0.578692,0.612687,2.26936,-1.18687,1.46147,1.71941,0.597308,-2.15118,-1.76177,-0.346385,-2.22612,-1.48265
-1.9793,0.430856,1.64257,-1.64355,0.593281,0.827632,-1.21448,-1.65758,-2.5879,-1.02909,-0.409101,0.115452,3.03384,2.98685,2.07721,1.28129
-2.38148,1.34415,-3.17627,-13.8612,-1.1957,-0.234199,1.05283,-3.69728,-7.65978,-2.05152,1.45726,-1.50047,-2.56166,-0.967591,-1.11321,-2.72415
-0.633254,-0.714741,-2.29029,-0.59151,-1.14029,-1.53124,-3.06351,-1.97317,-0.42732,2.31416,0.46388,-0.720542,-0.202582,0.722161,-0.691858,4.11082
-2.02554,-0.513932,2.02558,2.28394,0.0352791,-3.26731,-1.80944,2.94815,1.93164,-0.116214,-3.41692,-2.8066,-1.69219,-1.33982,-3.07663,0.210975
-3.16348,-0.0781278,1.78857,4.44413,1.79204,0.696798,1.6671,-2.94796,-0.256966,-1.81512,-0.354686,-1.30308,-0.83456,-1.96533,-2.83273,1.4898
3.84176,-1.51878,1.58843,2.71547,-0.220105,2.70382,0.255745,3.01425,0.214484,-0.469802,-1.23722,-1.60045,0.61119,2.91055,-0.178106,1.2782
-2.21454,1.87585,-2.85178,0.804773,-0.896817,1.65349,-2.7731,-2.39589,0.913114,0.297796,1.54845,1.69421,0.178136,0.799829,-2.6935,2.89224
-1.76525,-1.42937,0.856593,0.943083,-2.62172,1.40641,1.06784,-0.236911,1.1243,2.01734,-1.54717,-1.79708,2.19123,-0.0905181,-0.48561,0.0566438
0.944731,-1.47185,0.0497451,-0.744774,0.500805,0.951624,-0.37666,-2.85555,-0.852565,0.202889,-0.376236,1.28025,0.0873435,-0.791099,2.60206,1.98847
-0.0485245,-2.37459,-2.44453,1.82708,-1.92651,-3.58836,0.961028,-1.11295,-1.93329,2.61544,-2.29356,2.58632,1.82238,2.00385,3.11905,-2.01602
3.05893,1.62849,0.97409,3.46684,0.63085,2.06934,-2.43331,0.799277,-0.917817,-3.67989,-0.255195,0.872829,0.0776664,1.98913,0.804777,2.99742
1.47575,-0.422468,0.924409,-1.42662,0.945615,3.40428,2.15555,-2.72768,-0.621784,2.78644,1.97156,0.859399,0.852807,1.29124,-2.45143,1.57451
-1.92474,1.20395,-0.476883,2.78457,-3.31563,-1.33861,0.954497,1.64608,-2.95371,-1.97393,-0.36027,-2.08545,-0.1966,1.23289,0.804925,-2.36354
-0.772359,-0.429975,3.74184,-3.46562,-1.7426,3.17136,0.482128,1.48985,0.353465,-0.0187993,-3.19462,2.11987,1.21949,0.658712,1.58581,-0.272957
0.380379,-2.81283,2.63228,0.968779,2.31681,-1.96707,0.456526,1.31297,2.59926,-2.06677,-2.59566,0.16358,-1.55244,-1.72778,0.0711995,-1.93134
0.948145,-2.03287,-1.51091,-0.77627,-1.29102,-0.784875,1.61193,2.27156,2.62624,0.91372,-3.05924,-2.64534,-2.9621,0.442854,3.35178,2.15064
1.84301,-0.66985,-2.72372,0.653583,2.00977,2.20765,0.624103,0.918666,-1.11152,0.10242,3.55272,0.953032,3.7575,0.932951,0.823511,1.43682
-1.15158,-0.780607,-1.86627,0.360268,1.66448,-1.77364,-0.841548,-1.34535,-3.65679,1.31382,-1.22031,0.744283,-0.513565,-1.76702,-1.47453,2.60525
-6.36929,-10.629,-3.6736,3.01779,-1.16774,-0.472184,0.70223,-2.80317,0.831447,-1.85873,-8.36242,0.0026857,-3.75211,-0.745757,0.532164,-9.70312
-3.05597,-0.00500455,2.64375,-2.76535,0.87716,-1.25138,-1.69955,-2.64425,-1.20176,0.249336,3.02994,-0.89514,1.01181,0.923734,-0.621021,-2.88262
-0.0778532,-1.51244,-2.99148,0.791528,-0.774681,1.89612,2.06775,0.223305,1.25986,-0.474136,0.293706,-1.80236,-1.95514,-3.61784,2.06055,2.19562
1.97363,1.4586,1.40531,1.08292,-2.86017,1.25297,-2.02002,-0.988613,-0.493851,0.571181,1.78057,2.28737,0.319712,-0.307687,-1.49739,0.768271
1.88153,0.674827,-1.26947,1.00235,2.0213,2.11338,0.717551,-2.40986,1.79126,1.6021,2.31599,-2.05878,1.14268,-0.135563,-1.39469,-1.48362
-2.28406,-2.17554,-1.54284,-1.31113,1.32862,-1.88702,0.747826,-1.416,1.90392,1.24314,1.47068,2.49111,-2.16983,-1.62837,-1.59722,2.74618
-2.4565,1.99731,-1.51341,-1.3126,1.0987,2.93496,0.880218,0.737327,2.15809,0.706381,-1.12791,0.215155,2.84432,-1.55559,1.71755,2.45455
1.99127,-0.836207,-1.9443,0.857444,-1.82071,1.95117,0.881192,-1.59856,1.51531,-1.73755,3.271,1.62145,-1.39964,-1.38746,-1.60045,2.40864
1.46929,1.16261,-1.9569,1.26652,2.76388,-0.832423,0.0734881,2.59109,-0.682337,-0.326639,1.33677,2.08619,2.76504,-1.90368,-0.44514,0.25718
-0.405312,-3.41478,0.425977,0.0517599,-0.866054,-0.168951,1.47048,-3.13175,1.74389,1.5143,0.804041,-1.17674,-0.837911,-0.1901,-1.12931,3.64885
2.08588,1.46928,-0.423994,2.28492,-2.22877,-1.62987,-3.30893,1.03067,0.968902,-0.839991,-1.57453,0.347853,1.77896,-2.83065,2.1023,3.52617
-0.566179,1.27866,-2.83389,0.670553,2.3553,-1.57229,0.206,-0.546648,0.581778,1.31638,-1.53014,-2.2096,-1.66771,-2.7098,-1.09854,1.99591
3.61437,3.01258,1.29307,1.30369,-1.12235,0.433363,2.55611,-1.14402,0.840117,2.71548,1.13122,-1.08939,2.41523,-2.39821,2.27562,1.1503
-1.6516,-1.24906,-2.59536,-1.96551,-2.15431,-3.26375,1.9508,0.136845,-1.83832,-0.619953,-2.73495,1.48564,-2.73195,-1.83468,0.629104,0.278082
0.548173,0.359294,1.0795,0.688315,0.857172,-3.5218,-0.727563,1.85973,1.8622,0.225287,-1.90249,-2.46486,1.2144,-2.89346,-3.0502,0.179785
0.215705,2.07862,0.246406,-1.75732,-0.554888,-1.81134,3.0871,-1.87439,-2.31501,-0.649434,1.35868,-1.78521,3.32133,0.0269783,1.40547,-0.14661
0.922511,1.06247,0.938444,0.363536,-0.895899,-0.692098,1.7943,-1.74584,2.79376,-1.10745,-3.22147,1.94718,0.141178,-1.43574,1.97705,-1.60451
-8.28632,-2.6979,-0.798914,0.718589,-4.08054,0.711206,1.63637,-7.94243,-1.6616,0.159429,-8.46487,-5.67598,-18.159,-5.68652,-1.80157,-2.84562
0.355174,-0.815149,0.47032,1.0976,0.200812,-2.84567,2.74489,-0.891324,-0.524644,-0.288247,1.1741,-2.10371,-0.847864,3.50017,-2.30513,2.6404
-0.0173346,3.08069,0.254586,-0.96176,2.64065,1.21629,-0.190649,0.770528,1.79236,3.10499,0.321056,1.31981,0.592545,-0.611164,-3.66809,-0.0836818
-0.528213,-3.26292,-0.652669,-3.37052,-1.55071,0.979277,0.457716,-2.28766,0.194831,-2.35723,0.381787,0.437269,-0.618854,0.264962,4.20854,-1.7579
-2.40174,0.526322,2.3368,-0.199469,0.277531,0.940001,-4.05468,-2.42738,-2.46199,2.70236,3.0817,-2.8558,1.72481,-1.35893,-0.356762,2.90128
-0.55446,-3.39601,0.692099,-2.15186,-0.212897,1.72936,-3.31486,-2.7062,-0.434339,-1.12619,-0.675252,-3.39232,-0.433546,-1.87658,0.0236217,3.48973
1.98127,1.52696,0.0535298,2.2013,-1.74584,-1.75201,-1.09531,-2.27198,-1.27799,-0.182623,-0.758812,-3.20256,-0.96872,0.461076,-1.53676,1.82412
-1.89852,0.0842599,0.336802,0.834463,-2.79745,2.09193,0.708823,-2.9288,-0.157598,0.0366835,-1.77111,-1.56914,-2.84064,-1.25339,-1.20887,2.06702
-0.852138,-1.1185,-2.50337,1.13285,1.28001,-0.511551,2.68148,0.345103,-0.287424,2.27589,-0.638078,-0.543779,0.644857,-1.37608,2.40571,-1.15818
-0.510147,0.574175,0.667806,-0.194218,0.0501117,1.8074,1.92669,0.61562,-0.251045,-2.97959,1.30265,-0.958315,0.254586,0.351635,0.614887,1.49852
-2.03522,0.134037,2.02045,-2.87769,2.13849,-0.67727,0.48854,1.07053,-3.13926,-2.4399,3.21213,-0.875759,2.43233,2.42946,1.51115,2.53835
2.59585,-0.914517,-2.87362,-0.610946,-0.407663,-1.0117,-0.0131844,2.14344,-1.38649,0.194157,-1.29386,0.727928,-0.0304574,-2.21198,0.971404,-2.30354
2.29017,-3.24656,1.97339,0.227058,-0.785358,-2.01776,-4.52129,-0.112064,-1.26945,1.4937,-3.7872,-1.74572,0.718711,-1.31373,-1.15434,1.18393
2.10651,0.00201427,0.751736,-0.291696,1.67565,-0.0241399,0.825434,-2.87771,0.23664,-2.77486,-1.38347,2.3866,2.19746,2.5425,0.71523,-1.34715
-1.61583,-1.88903,-2.01886,2.9689,1.64074,3.41649,-0.240425,-2.77886,2.96371,3.59832,1.14594,1.10547,0.0659195,-0.392773,2.96237,3.16774
0.461989,2.89013,0.160832,2.63729,1.11643,-1.54082,-1.15802,1.69133,-0.788538,-0.314585,-3.10605,0.172979,2.20045,0.791284,2.20313,0.804041
0.359874,0.236827,-0.816553,3.53877,0.980132,-2.57747,-2.42734,-3.15067,0.117558,2.6687,-0.38966,1.90441,-1.33775,1.3126,-2.94162,-1.37374
-0.302927,3.38268,-9.46229,-1.62596,-14.3397,-6.74435,-10.2656,-14.9863,0.453566,-1.88659,-6.42518,-12.0665,-2.9512,-3.23695,-1.6856,-3.89592
-2.3878,0.996829,-0.595172,1.08298,0.696311,-1.03671,-2.31123,1.9227,1.28703,-3.28917,1.74832,-2.26368,4.0029,-1.40501,1.8695,1.21561
-0.507706,4.00476,2.806,-2.48573,-2.11536,-1.29277,2.17445,-0.9762,0.965178,0.10944,-1.53997,0.55153,1.7871,-1.81725,0.793176,0.0737938
0.624867,-1.70361,-2.90335,0.209,1.29352,-0.467452,3.39274,-0.220771,-1.11802,1.68456,-0.614643,1.45588,-2.188,1.59172,0.057741,-1.07618
1.11045,1.1174,1.15275,1.92547,-2.17085,-1.17002,-1.5363,0.611225,0.519732,3.24894,0.624042,2.2548,-1.4702,-1.13138,-1.63902,-0.606708
1.07456,-0.76211,2.42952,-1.71374,-3.01151,0.176336,2.4066,3.43516,0.18012,2.01404,1.42253,-1.36412,2.1723,0.43962,1.13022,-2.77365
3.15057,1.06101,0.903897,1.03726,-1.98548,-3.4011,-2.74062,-1.55699,-2.10046,0.84872,0.0472425,-1.69384,1.21912,1.77038,0.936369,-2.10767
2.7817,-0.879785,-0.952849,2.63265,-2.80886,1.32914,-1.80035,1.55516,-1.87365,0.8829,-1.94623,2.25431,1.12027,2.89334,-1.82003,-0.232612
-2.23957,1.5031,-1.99048,3.20126,-0.250618,0.962065,1.07297,-1.46739,-0.219123,-1.65358,-1.80083,-1.2335,1.67052,-0.471999,-0.156225,2.68038
-2.52385,-1.01276,-0.025513,1.62279,0.138981,-2.25642,1.08811,-3.40001,0.327887,-1.68328,0.379139,0.915403,-0.28138,-0.620564,2.44874,0.492966
-2.31214,-1.79266,-0.0765402,-0.998993,-0.894554,-3.61406,-0.11243,-3.18497,-3.33391,-3.86477,-2.58666,-0.281748,1.69689,0.920926,0.902372,-1.36997
1.34312,0.0193492,-0.262856,2.41646,-0.715354,2.76883,4.30539,-1.7127,-3.06546,-1.41624,2.87081,3.56865,1.01279,-2.57698,-1.27732,-4.53861
-0.669274,-2.4676,-0.867275,0.703452,0.107669,-2.85861,0.611713,-3.41661,1.40897,3.60589,-2.68679,-1.69774,2.44737,-2.16919,2.25495,-3.63952
-0.27546,1.8272,-0.0649737,-2.27149,-2.62136,-1.7141,-0.861694,-1.91015,1.3574,-1.11481,1.22944,-0.750206,2.99331,-0.592425,0.168584,3.06101
1.47417,-2.936,-2.18921,1.22724,-1.36503,-0.632954,-1.46995,1.57622,-3.00717,2.59694,1.66381,-1.28111,-2.57347,0.331431,4.28067,-2.45653
-3.20146,-0.779779,2.51283,-1.93609,-1.52189,2.50899,-1.81725,1.10428,1.11267,-0.413403,-1.89001,2.37342,0.231697,-1.73467,0.673661,-0.086917
-2.18769,0.758324,3.09494,3.1378,-1.87091,-1.07501,-3.25007,-2.90915,1.04459,-2.03186,0.175756,-1.13731,3.25822,1.11506,2.39656,-1.04068
1.07999,1.7257,-1.31492,2.73782,0.179876,-4.61159,-3.30875,-2.12097,-11.2781,-20.9032,0.459975,-9.3326,-1.53973,-4.76095,-2.86392,-6.87262
-2.61446,-2.52372,0.613178,3.08347,-2.0368,0.795984,1.01984,2.23633,1.78204,0.98178,-0.928311,-1.86365,-0.26899,-1.79742,0.438368,0.396435
-0.137484,-0.713431,0.750877,2.65212,-0.236396,0.166295,0.42259,1.1771,2.35291,-2.32588,1.02329,2.2476,1.43907,-4.47468,2.25275,1.55852
-2.04492,0.648089,-1.88214,0.952966,3.04477,-0.912076,1.67522,1.17769,0.079104,-0.699972,-2.59627,1.90045,-2.78553,-1.59008,0.913236,0.544633
1.07816,2.1117,2.5631,-0.346996,-3.28723,0.132023,2.27979,2.01911,0.112368,2.32069,-1.03458,-0.980926,-0.594714,2.28798,2.70742,-1.32389
-1.58233,0.871303,-3.09244,1.14597,-1.54393,2.41438,-1.89166,-1.38267,1.73754,-1.83044,0.720574,-1.62637,0.988036,-2.05548,1.80859,-1.23185
1.14539,0.766075,-0.730338,-0.917447,0.204413,0.329905,-0.164557,3.45739,-1.17875,-1.89362,-0.0799587,-1.86227,1.05869,-0.841398,-1.73229,-1.4604
-1.55565,1.64226,-1.0742,-3.26732,1.47154,1.37779,-2.51339,-0.908419,-1.76062,2.29646,-1.24845,-3.56877,-1.31358,-0.420854,1.21488,3.49846
-0.693503,2.4098,-1.8236,2.24867,-0.523575,2.17664,-3.31023,-0.441236,0.895444,-4.14643,0.0596332,-4.46868,-1.24516,0.551777,-5.48738,0.672443
0.34962,2.76107,2.87121,-0.69399,-3.22911,2.01318,-0.911039,-2.41585,-0.968169,2.67428,-1.69268,-0.949677,0.876125,0.290106,0.779565,0.897425
3.27863,-2.07215,-1.82677,-1.05509,0.418714,3.18988,2.68129,0.0409535,-1.1619,0.0192881,-2.13691,2.17365,-1.64153,-0.172674,2.93552,1.15711
2.22987,1.37846,-0.0396131,1.493,-2.66488,-1.94183,3.0234,-2.53969,1.11656,-1.17978,-0.146361,-1.53911,2.40706,2.59633,-1.57051,1.69557
0.0458388,1.99158,1.38707,-0.0901516,-3.00547,1.43626,0.055238,-0.726832,-2.0864,2.45576,-0.315313,-3.30376,1.27201,0.99472,3.28502,-0.0275584
-0.584369,-1.4676,2.51924,2.37043,-0.461195,-3.2549,-2.00055,-0.283334,-2.82839,0.0676902,2.74819,-0.784986,1.50615,1.99646,-0.62563,0.70098
-3.16074,3.40632,-1.47405,-1.92425,0.5862,-1.12357,-1.36009,-0.846828,-2.91898,1.45394,-2.24378,0.445016,-0.242651,-0.682028,3.28027,0.238441
-2.15497,2.58541,1.85614,1.4705,-0.571428,1.70791,0.438861,-0.413099,-1.01538,-1.26902,2.27891,0.528275,0.404675,-3.30808,3.53545,3.10897
1.22892,-2.45735,2.02148,2.70781,-0.130894,1.66183,-2.04095,0.485489,-3.3018,-0.886746,1.41912,-2.74237,-2.42964,-1.43059,-0.275336,-1.77849
-0.685936,-0.597674,-1.90606,-3.34453,-6.55078,-3.89917,-6.12985,-13.1254,1.45957,2.00793,1.27568,-1.01535,-0.381813,-6.56677,1.31318,-7.94952
-1.20725,-1.81167,-0.514756,-0.0088504,0.885708,0.513135,0.817775,3.27573,-0.475753,0.990509,2.28389,1.67971,-2.93197,1.63786,3.33292,3.34336
-2.34364,2.24702,-0.060977,-1.24814,2.61147,2.24409,-2.60421,0.741539,-2.37898,3.61564,1.74459,-1.92243,-0.145665,0.880581,-2.64901,3.4373
2.20374,-0.975006,1.46578,-0.507553,0.33076,-1.14963,-0.201484,-0.394909,0.287912,-2.65077,1.3795,-0.0953042,1.23359,2.29024,-2.84396,0.509842
0.574358,1.01706,-0.434156,1.75726,-1.14725,1.32127,0.137178,-1.7036,-1.20145,-1.10437,-4.76357,2.61019,1.53789,-1.19627,-0.940611,-0.511003
1.51231,-1.41111,1.82668,2.03342,-1.116,-2.99429,1.74639,2.66091,-0.850737,0.0655534,-0.062075,-0.840296,0.416491,-0.861817,-2.87105,1.60625
-0.791345,1.77959,-2.80294,-0.0553604,-0.471201,-1.18753,0.305734,0.487773,1.69997,1.70482,1.75078,-1.42173,0.953463,-2.46519,-3.27558,0.738605
2.14811,2.52039,0.438307,0.92465,1.74486,0.899254,-0.767723,0.921175,-0.443617,-2.75094,0.662009,-1.74493,-0.817167,-0.326975,1.52305,-0.397751
0.0111881,3.75463,-1.97553,3.04984,-2.09022,-1.27174,-0.760765,0.173345,-3.6249,2.41774,-1.4387,-3.26456,-1.64947,1.23319,-1.97168,-2.17902
2.59664,-0.683519,-1.51079,-0.496292,-2.7283,-0.853545,3.14695,-1.20853,-0.0930208,1.82018,-0.0827961,-2.70394,-2.08814,0.517166,3.12894,0.656392
-0.271432,0.410565,0.972443,-0.289955,1.47307,-0.818022,0.464736,-1.168,2.2287,-1.42955,3.5237,2.00848,-0.815851,2.02903,0.195715,-2.34821
-0.476394,-2.5793,-1.29011,0.8923,-2.0166,2.43318,-1.14267,-1.08087,0.592975,3.95642,-3.06272,-0.411145,0.265389,-1.43431,1.37452,0.783895
2.94016,-0.331675,-3.73998,0.631306,-3.56808,2.49202,-0.592303,0.927888,-0.540819,0.165106,-1.64397,-2.6849,0.129795,0.697954,0.868256,-2.00312
1.40086,-3.83911,1.34059,-0.751059,3.68322,-1.59648,-1.23118,0.951938,-1.97351,-0.0372628,0.210304,-0.755764,-2.81063,-0.877407,-0.994598,2.18037
2.07473,0.898254,-0.225563,-1.54991,-0.0679346,2.61366,-0.438124,0.612625,-2.8522,0.580309,-1.36735,2.79104,1.83779,0.504288,1.15659,2.3506
1.84844,-1.79333,-0.603229,-1.85919,0.840789,0.320139,2.01984,-2.11811,3.28794,-2.50328,-2.38807,1.50395,-0.274605,-2.47609,0.506912,-1.49297
0.555376,-1.58488,-0.409134,-1.67296,-0.046327,2.9075,-1.84579,0.362621,-2.73006,0.514727,1.30326,1.17909,-1.59227,1.16959,-2.644,3.28929
-2.27281,-2.79439,-1.89099,-4.04709,0.707357,-3.43424,0.399854,-9.58665,-2.34907,0.650808,-3.19542,-6.25236,-5.09972,-1.68187,-5.18086,-1.32875
-2.06721,2.38068,-1.03732,-2.73928,-1.21464,-1.60806,-0.823878,-0.962702,0.479141,2.1268,-0.294839,1.31278,-0.475173,2.86588,0.312022,-2.08215
-1.48662,-1.20508,2.36237,0.495803,3.13022,2.49355,1.49376,-0.590162,1.76678,-0.843717,1.44481,1.7954,-0.665121,-2.0957,-0.251473,0.206737
0.381726,1.70159,-2.90195,-2.73134,0.387402,0.00781281,-0.354961,0.69332,1.88116,1.82671,-2.11041,-0.197821,-2.60585,-2.27174,3.15597,0.595447
-0.0703758,-3.37419,-2.19028,1.29343,-0.809931,2.49513,0.473708,2.46193,-1.3292,3.80907,-2.29511,0.271553,-0.914515,-2.73018,3.0271,1.802
1.44655,-0.395245,2.03485,-0.784204,-2.97421,-1.83477,-0.783471,2.37852,2.62383,0.994537,1.36485,0.982207,-0.137394,1.85229,-1.64581,0.351146
0.648153,-1.50218,1.83313,-1.03372,2.51485,1.67738,-1.44042,1.71831,-2.28322,-1.93693,1.13572,-3.03302,0.025758,-1.19572,-1.76241,-1.90399
1.5988,-3.17661,1.27104,0.317942,-0.909573,2.81912,-1.6007,0.649617,0.659566,3.14444,1.75561,-1.10379,-1.85611,3.09869,-1.08353,-1.78179
1.3007,-3.0647,-2.84335,-0.338877,1.00827,-1.75499,1.96564,-2.53944,-2.66921,-1.66726,-1.05344,-3.55669,2.24653,0.382885,-2.50673,-0.486282
-2.38216,0.0822774,-0.810938,0.48442,-2.07813,-1.45994,1.19028,1.21409,-1.24393,2.87384,-2.9429,-1.97974,3.09192,-1.70738,0.177618,-1.40034
-2.54067,1.58824,-2.72219,-0.386913,-0.503434,-2.12501,-3.43346,1.26902,0.0563399,1.33164,2.0188,-1.28559,2.26594,-1.6259,2.47767,0.711814
1.10767,-1.91125,1.09366,2.33937,-0.459517,-1.13282,5.17678,-0.666013,0.104068,-2.10041,0.184393,0.926359,1.75219,1.91747,2.07746,-1.87604
2.39167,-1.60872,-2.98227,-2.19135,-1.60058,2.31336,1.43541,2.30179,0.0737636,-2.19923,-2.53859,-2.0589,-2.19965,1.7926,-0.181127,1.16214
-0.51619,0.514295,-1.33189,-0.00939995,-3.47582,-1.73708,0.250926,-1.45073,-2.75918,2.62538,1.4392,-1.93542,1.08091,3.5594,2.81966,3.14176
-1.99567,1.06992,0.1189,-0.671712,-0.111485,-1.55598,0.192415,-1.09403,0.979888,0.825281,0.547138,3.15079,2.22101,-2.19916,2.15729,-2.60536
0.961578,-0.316233,-3.21921,-0.0488292,0.294198,-1.97168,1.07589,-2.12372,-0.795862,-1.68871,-1.57476,-0.344371,-0.388318,1.33134,-3.10642,1.69463
1.19797,-1.89746,-0.686117,-1.54021,1.01883,-1.65612,-1.61467,-0.860622,2.42549,-0.850425,-2.9559,-0.282296,-1.80914,2.43611,-2.07715,-0.851101
-3.82794,1.90234,-2.54294,-2.21913,-7.55541,-6.53829,-1.30247,-15.577,-6.89102,-2.90369,-0.33903,-6.08968,-0.219856,1.02924,-10.2205,-10.0028
2.47914,-2.52651,-2.10437,1.19163,-3.57604,0.945158,-1.7301,3.05938,2.56789,-1.07944,-2.29829,-1.10245,-2.48415,2.57088,2.09552,1.20023
-1.08072,-0.950466,-1.95984,1.09269,2.76107,-2.42592,5.54023,3.14988,-1.71245,-0.21558,-3.27391,1.11344,-1.00125,2.92822,-1.9591,-1.72775
-2.52303,0.16834,-0.76925,1.89904,0.531084,-1.885,-1.04709,3.19394,-0.735622,-0.500015,-0.470471,-1.0037,-1.36625,-0.501297,3.90008,2.72433
2.30665,1.4058,-0.871276,-0.417371,-1.06454,0.659632,1.15012,0.551656,3.12818,0.174383,-0.900536,0.9606,0.358715,0.547992,-1.78973,-2.15125
1.36503,-3.67809,0.285165,3.28415,1.45073,-2.0238,-0.223823,0.887539,-2.39265,-1.74258,-0.618488,-1.95422,-2.6133,2.37831,1.31418,-0.0830102
0.519547,0.509415,-0.196051,-1.61791,0.500626,0.870022,-2.07733,-3.20035,1.59929,3.92654,-2.00501,0.446059,-1.25993,-0.172918,-3.47801,-0.272714
-0.101565,-1.92804,-1.7278,-0.116336,-2.57253,0.762048,-2.13892,-2.30946,1.51701,1.85205,-1.86914,3.26169,2.20262,-1.79898,2.47719,-2.10431
-0.400525,0.0275589,0.861385,0.419324,-2.15882,-0.474197,-0.368175,-4.48674,1.94086,-0.734951,2.08353,0.801778,-2.09295,0.114293,1.02988,2.94479
-1.50243,0.641986,-2.58436,-1.10734,-0.736741,0.761131,1.50419,-1.63304,-2.0639,2.45539,-1.88031,2.75375,-1.90789,1.99194,3.63647,0.402967
-0.513962,-0.431349,0.0084234,-1.3333,-0.728874,-0.218635,-0.928007,0.393323,-0.45131,0.454914,-1.91409,-3.21385,-2.1645,-2.10847,-0.471267,3.23353
3.23973,-2.85866,1.43065,-2.29369,-0.197882,1.33647,1.48784,1.99146,1.46663,0.925626,-0.314402,-2.38063,1.32078,-2.72488,1.53746,-2.21595
2.22328,1.84143,1.97631,0.872831,1.47106,-0.214486,2.97336,0.291176,1.7282,1.37907,-0.666307,1.24988,1.96112,-1.54997,0.980894,0.445876
-0.490885,0.783562,2.42659,-0.785913,-3.08008,-2.25458,-1.17191,0.738609,0.270272,1.67071,0.127384,2.85091,2.19971,0.19422,-1.70629,1.12351
-1.48082,0.948332,0.611407,-1.90746,1.46006,-1.74286,0.656604,-0.27543,0.322275,-0.689784,0.325264,-1.12147,-2.30622,0.732872,0.429703,-0.989407
-0.072573,0.986881,2.04383,-1.96368,-2.55888,0.434584,-0.39906,0.335215,0.292123,2.49807,-2.01355,-1.85803,1.25898,-2.63363,-1.58336,3.47374
0.505997,1.5526,2.28797,1.2305,2.63595,2.68038,0.88296,-0.0833766,-0.0537738,0.300791,-4.02117,1.16676,2.22407,-0.252144,-1.25223,3.43114
-1.06095,0.27854,-1.90058,-2.92725,-4.36485,-5.90872,-4.59447,-2.0249,0.731803,-10.3874,-1.8725,2.11761,-3.30818,-5.02693,-3.57195,-8.66401
-1.6613,3.01779,2.40059,1.17264,0.555867,-0.0750752,-0.590472,-2.26569,1.75982,-1.32304,2.9686,2.89322,-1.65163,0.740012,-0.562579,3.29539
-0.610728,-0.495803,2.72829,2.49916,-0.296762,2.94552,1.83959,2.93191,-0.176641,-0.51015,1.51506,0.0487691,2.10025,0.537241,2.41175,1.61419
-2.57295,3.14719,-3.27952,3.41605,2.22956,1.68432,2.16724,-1.66496,2.88705,-1.86303,-0.54677,-3.32731,1.79772,0.322275,1.04499,1.7535
-0.82046,2.22584,-1.20899,-1.50114,-0.0601218,-0.402601,1.17545,1.73821,2.71291,0.90481,-3.37792,0.347301,1.28602,-0.20368,1.57683,-1.80065
-1.04117,2.21864,0.521562,-1.07944,1.13492,2.24922,1.65874,-2.70562,1.96569,-0.839866,2.12256,1.90295,1.64586,-0.0938139,2.43092,0.489696
-1.51414,-3.40342,2.18903,-1.41408,1.92736,2.16761,-2.92843,-0.0237735,1.44548,-1.7843,1.27726,2.18622,1.42046,1.10739,0.0577406,-1.36656
-1.44505,3.06305,1.08836,0.284494,1.11576,2.29304,0.958647,0.737327,2.9733,-3.14634,2.88989,-3.72802,-1.50224,-1.4713,1.04092,-2.13184
-3.44088,-1.7641,-3.24466,2.87417,1.07215,4.14151,-2.96462,3.2725,-1.49931,-1.72762,1.21506,-2.62609,-3.17058,1.96902,-0.116154,-2.90066
-3.43333,-1.75298,3.36161,1.64232,1.25538,2.4449,0.319594,-2.25013,-2.08962,-2.2364,-0.454546,-0.385632,1.77759,-2.07965,-1.6303,-1.81109
2.64773,-0.920805,0.24244,2.71526,-0.177679,2.77877,-2.48359,-0.470293,1.66936,2.13422,0.183477,-1.73558,-0.177496,-3.87765,0.0447627,-1.90222
-3.16862,1.30064,-2.84106,-1.22733,-1.83233,0.877714,-1.89025,2.59487,3.06339,-0.151064,0.0522178,1.45805,-1.92679,2.3357,1.85,3.96002
-1.53831,-2.13544,3.08958,-1.30021,-1.43297,-2.34046,1.93414,1.4857,-0.507399,0.659749,2.36521,-0.887605,0.921903,-1.39522,-2.6824,-2.67983
0.528581,2.60664,0.843349,0.877042,2.00585,0.796899,-2.60457,-1.82708,-0.344981,1.56895,-1.38713,2.18568,1.44206,0.259655,3.65044,3.09556
3.10763,-0.624958,-1.361,-2.3788,1.43309,0.475475,1.65361,-0.0111695,-0.981596,1.78299,-0.804281,-1.88482,-0.947416,-2.46827,0.651479,2.0148
-1.9378,1.85989,-0.272898,0.516682,0.459608,3.68358,-1.11069,0.532853,0.135319,-0.603778,-0.665368,1.66063,0.347484,2.34629,-1.4677,2.60146
2.86313,-0.415601,-1.98676,0.201178,3.29496,3.53637,-2.08606,2.46443,1.06418,0.610244,-0.357494,0.411817,-2.13068,-1.88916,-2.18726,0.620136
0.544145,-1.06223,-3.43595,-3.90125,0.833765,-1.50853,-0.2555,-8.91027,-7.32228,-2.73964,-1.47038,-6.44357,-2.06268,-2.36983,1.53508,2.46998
-2.6295,2.99777,-2.77493,0.136479,-0.844203,0.0783416,0.879328,2.18579,0.274056,-2.24653,-2.61565,-1.49007,-0.519791,-0.284066,-2.19141,2.27784
0.636128,-1.30961,-0.245399,-0.414808,2.49287,-1.46996,-2.17743,0.670431,-1.70959,-2.68115,2.91855,2.26957,2.8445,-2.0517,1.2617,1.51751
0.424819,1.25224,2.03997,-1.10026,0.547077,-2.97034,-2.76058,0.192205,-1.07858,0.4485,1.2938,2.76882,-2.55702,1.2605,-0.83731,0.414751
2.36243,-2.41017,-2.04682,1.39994,-0.685293,0.919466,-0.217413,-0.863979,0.22248,0.683005,-2.618,-1.05387,3.381,-1.50792,-0.713645,0.395822
3.04797,2.3318,-2.9278,-0.793506,0.339027,-1.57632,4.45622,-1.05704,-1.64055,-2.55733,-1.74762,3.46812,-0.584304,1.43263,-2.32881,0.52266
1.50264,-0.394299,1.71666,0.275216,0.219611,-0.107578,2.96756,2.03198,-0.261788,-1.01022,2.33457,-2.54036,2.3086,0.988254,-2.34083,2.34834
2.16522,1.41294,1.12668,-0.343211,-3.0773,-1.01075,0.271248,-0.396863,3.20957,-2.04874,1.07785,0.631917,2.38649,2.04139,2.5359,0.181127
1.54475,1.10019,0.685202,3.55412,0.212531,-0.281253,2.42793,-2.00836,0.104923,-0.390576,-2.31895,-1.62853,-1.59954,-3.05472,1.36045,2.75363
2.64516,-1.794,-3.87955,-2.35591,0.618915,0.242622,-1.50499,-2.38823,2.21366,1.53926,1.77801,0.483962,1.48137,1.99909,1.73361,2.28602
-2.48787,0.892056,-1.33815,-0.478192,0.718649,-1.0441,2.32759,-3.76043,-0.408829,0.76809,2.05463,0.208502,-1.68786,-1.51158,1.94684,-0.737264
3.8794,-2.62929,2.52809,-0.40028,-1.71385,-1.60024,2.09888,2.48726,1.12393,-1.04401,-0.207586,-2.70046,1.21775,-2.47358,3.38047,2.88442
-0.356273,-0.356792,-1.6022,-2.10685,-0.938997,1.89666,-4.08674,1.01059,0.908078,-2.94375,2.23218,2.41145,0.0542009,1.83685,1.19456,2.48842
-2.44106,-3.9065,1.88982,1.52348,-3.39922,1.83966,2.82749,0.0868558,-1.32139,-2.08005,2.64046,3.03085,0.549945,1.32774,0.770104,-2.22718
-0.515152,-2.91409,-0.00842306,0.756191,-2.0589,1.47167,-3.0347,3.45466,-2.06617,1.15305,0.14478,-3.24753,1.58666,0.893277,-1.08307,2.61415
0.4167,-0.184637,0.222541,0.662831,1.49657,1.13748,1.51408,-1.03079,0.0483713,2.56386,2.78433,-2.25526,0.298532,3.42912,-3.37599,0.617601
1.00348,1.59313,0.47499,2.20319,2.87557,0.838801,-1.29838,0.96951,-2.36183,-2.71462,-2.02842,-0.0960117,1.87561,-0.571058,1.49364,-2.26112
-6.76654,-2.26102,-3.16026,-2.75295,-2.02124,0.0994899,-1.44359,0.538163,-2.02564,-4.53792,3.02212,-2.08606,0.34254,-2.85361,1.08262,1.99648
1.00711,2.51336,0.136601,-2.04163,-2.93179,-2.77718,1.79007,1.13007,-1.10123,-0.543107,2.27534,-0.159611,-1.40886,-2.3278,3.27497,-0.432572
0.869289,0.297372,-2.29201,-0.471877,-1.64929,-1.45295,-2.97055,-0.0637228,-3.53695,-1.61992,-2.98807,2.4438,-1.45396,1.90966,-0.746483,1.6779
-0.727439,2.73952,0.473221,-3.1788,3.26908,-0.970609,-1.75708,0.0204469,-0.555556,1.29871,1.0109,0.784569,0.66811,-1.80676,0.283029,-2.56013
1.53679,0.347392,-1.68068,-0.832362,0.941374,-3.41331,2.07605,1.55223,1.82159,-0.671102,1.34928,1.93123,1.32316,1.75347,-1.44762,0.0732448
-0.638321,-1.93816,1.62697,-0.115848,3.34465,0.331797,-3.61498,3.13413,1.29618,2.66817,3.48329,-3.2722,-2.10578,1.7843,1.1445,-2.82333
1.65435,1.13132,-1.83282,0.807215,0.743216,1.32133,-3.22761,0.823817,0.912014,1.39472,2.54286,-1.84033,1.62428,2.94498,-0.255985,-2.64571
0.156072,2.19757,-1.24674,1.4446,1.31199,-0.00531043,0.764916,2.23816,-2.24879,-3.10669,0.665055,-2.46934,2.80691,-3.29255,-0.303598,0.741785
0.885281,-3.43766,1.57634,0.124699,0.529679,-3.04221,1.70852,1.50816,1.14066,-2.42177,-1.4088,-2.4189,-1.03894,-2.60964,-1.87372,0.654134
2.4279,1.02432,0.472427,-0.749108,-1.27,1.29874,1.2274,-1.42003,2.97788,-0.324839,-0.889493,-1.68175,1.86547,3.03598,-3.57869,1.01785
0.598224,-0.00903344,0.787927,2.09402,-1.26872,-2.64952,1.12027,-1.2064,-2.25709,-2.23219,-1.27055,2.11465,-0.425184,2.33619,-3.33964,2.66677
1.70056,-2.11658,-0.442275,0.614887,0.00686398,-0.545061,-0.354075,-1.59224,-2.99356,0.607685,-2.54244,-1.30124,1.35276,1.0076,0.0804167,1.23087
1.08396,0.321177,-0.761134,-2.58278,-2.05643,3.14111,0.241341,-0.37788,-2.55101,2.15949,-0.522905,-2.12757,-0.0703151,1.16013,-2.70211,1.29234
3.1572,-0.223212,-0.472121,-1.56353,-1.75286,0.0796207,3.6982,2.2812,-2.90482,0.630208,-0.626423,0.826014,2.98618,-1.74083,-1.85845,1.07499
-0.323313,-2.07496,0.0798364,-2.19217,0.322153,3.82852,2.33174,-1.66586,-0.400556,0.674769,2.73519,1.03903,1.33439,-3.16105,-2.23042,0.792688
1.82296,2.2616,0.0979034,2.27378,-1.01611,-2.13629,-1.54869,2.09637,2.02521,-3.98786,0.615683,0.578966,2.32746,-1.95624,-1.62169,-0.02295
-1.07105,-2.33341,-1.91144,1.25303,-1.81408,1.50676,-1.00974,0.225776,2.89474,2.71774,1.82733,-1.55232,-1.32341,-1.81683,1.53707,0.715995
-1.59626,-12.0478,-1.00879,0.975616,-3.64096,-6.08166,-0.345965,-10.1241,0.887845,-2.94026,-5.28583,-4.35259,-1.06973,-1.78879,-1.59728,-2.77468
2.48454,-0.533249,1.1933,0.474376,1.65112,-0.0321055,-1.29783,-0.264831,1.91187,2.78067,-2.17365,-2.42384,2.79983,-1.8435,-1.6656,-3.04498
2.92946,2.40523,-0.790002,-1.6961,2.05634,-0.978727,-2.51278,-2.07667,1.35905,-2.4225,2.21175,2.14845,0.814475,3.02793,3.15543,-1.73662
0.256874,1.18033,-1.37592,0.426283,0.574756,0.553391,-4.55855,-0.664144,-2.56514,3.35323,-2.14002,-0.28132,3.50975,-3.81091,-0.00802674,-3.29148
-0.780694,0.863671,-1.36366,-2.2353,-2.41429,-1.83673,-0.157168,-3.22499,-2.8316,2.41596,0.389233,-0.771447,4.17615,2.11243,-0.787648,-1.01932
3.0599,-2.56392,-3.42662,-0.149785,-3.53389,0.0396433,-1.79614,3.28336,-3.83325,1.60588,1.96576,-1.68664,3.1478,0.532182,2.15833,3.61791
1.65661,-2.56734,-1.60058,-1.34153,-1.6513,2.72164,0.241982,-3.09098,-1.04361,-0.536703,2.9594,1.32963,2.47029,-0.123783,-2.62697,-0.856411
2.94174,2.4901,1.78917,-2.71853,1.77258,0.811793,-0.0919218,2.45302,-0.113224,2.66891,-3.79492,-1.44945,-0.53209,-1.12589,2.73156,-0.179021
0.031678,-3.30442,-0.969814,2.49098,2.37995,1.41432,1.71447,-2.80727,1.85528,-2.78164,1.23106,0.611652,-1.20047,1.01523,-1.80523,-1.45873
1.32603,0.165593,-1.40818,0.801843,2.7333,-3.82763,-2.59975,-3.88156,1.85894,1.18788,3.23716,2.82717,1.29627,0.914701,2.57173,3.29136
2.24512,1.46373,-3.55187,-1.56407,2.2699,-2.57204,1.40129,0.314886,-0.820215,-2.54939,1.20346,-1.53124,0.28602,-3.55663,3.38288,-1.57256
-0.0428221,0.129826,-1.43669,4.48793,-2.4341,-2.3606,1.87023,-2.33311,1.37217,-2.00766,0.666097,1.53935,0.324351,-0.69155,3.15851,-1.52766
0.896329,1.52751,1.09558,-2.11817,2.98996,-2.25058,-1.19736,0.258614,2.20741,0.608264,1.53444,1.96533,1.507,-1.65502,-2.21717,0.586993
-0.0337535,-1.2429,2.15284,-2.87362,-1.30741,2.62697,-0.175328,-2.02185,1.28934,3.00608,-1.8753,-1.69328,0.113773,-1.75192,1.97842,1.17087
-0.618797,1.91247,-0.546037,4.53233,-2.01782,-2.52888,2.45241,-2.04632,0.755272,0.75811,-3.13514,-1.27506,-1.94952,2.56221,1.40538,0.210639
0.318491,-3.50212,2.78549,2.01852,-2.02157,0.35194,1.20419,-2.35753,-1.74874,0.682149,1.1775,-0.455092,0.210428,-2.62185,1.76055,-1.16404
-1.99286,2.86294,-1.42009,-2.06442,2.23353,1.50371,-0.553362,0.0421765,-2.05762,-3.23136,-2.05402,-1.98078,1.45858,0.0311288,0.44551,3.21107
0.0161029,-0.532664,-8.84091,-7.46537,1.67101,-4.05964,-3.62093,-1.58296,-1.25803,-5.15072,-0.259713,0.00759963,-2.30031,-1.57152,-3.36167,-3.56587
2.94565,2.24394,2.0112,3.66455,0.315561,-0.224311,-0.040834,-0.588121,-2.70113,1.82464,-0.7275,2.13995,-0.524339,0.574358,-3.62236,-0.905636
-1.55449,-0.0498418,4.37907,-1.00119,1.5214,1.00284,1.19419,-0.93173,0.0236213,0.1048,2.98008,1.74725,0.0775167,0.143254,1.02076,2.16114
2.82232,-0.507161,2.68318,-2.3181,-0.632583,-3.37864,-2.59023,-1.87646,2.55422,-0.0494396,2.02783,0.281901,-1.32456,2.2873,-1.70812,-1.21885
-3.49919,2.611,-2.31099,-2.42268,-2.92532,0.209662,-1.8149,2.25251,0.578692,1.43367,-2.93795,2.62496,-2.4919,-2.72097,-0.706379,-0.501541
-2.76864,2.57521,1.12583,0.4944,-2.62565,-1.60472,0.714499,-1.48326,1.11698,-1.26793,0.701743,-0.894742,-2.59309,-1.49626,1.03677,-1.51696
-0.487747,-1.50358,-1.60784,-0.413495,1.71899,-0.576739,1.37669,1.3274,0.225776,3.20597,-1.78994,3.41442,2.83883,2.59151,-2.45064,-0.155766
-1.25883,-1.14972,-2.39863,1.97418,2.26801,-1.23509,-3.00894,-0.660333,0.14539,3.72253,1.57226,2.46865,-2.77249,0.172336,1.90774,-1.3994
2.46248,2.36403,-2.26704,0.980684,-0.553483,-1.88653,-0.155766,-4.0712,2.41816,-0.529801,0.5071,2.85275,-0.657303,-2.16855,0.654559,-3.16629
-2.1609,-3.06247,-1.33,2.39747,-3.58195,3.55532,-1.98102,1.84582,2.18122,1.42356,-2.13593,-0.702842,-0.737937,1.40764,-1.97916,3.31401
2.21693,-1.97693,2.14091,-1.77148,1.3556,-2.58571,-0.944431,2.26899,1.29136,-0.984893,-0.860809,-0.123844,-0.650044,-1.16147,1.74755,1.66277
2.80242,-0.265084,2.02301,0.177008,2.34791,-1.12582,0.518723,-1.8786,-0.145573,-1.41587,-1.20426,0.0589003,2.57753,-1.97619,0.945531,1.05918
-1.65813,-0.998173,-1.92785,2.5146,-2.78348,1.21055,-0.434583,-3.43077,-1.03171,0.308847,1.55544,-0.856743,-1.40733,-2.22651,2.52174,-2.16569
1.53084,1.91583,-1.4958,1.34428,-2.46675,-2.27833,-0.730311,1.72223,-2.68093,-0.696859,-1.88873,-1.40233,0.831507,1.77416,1.84534,-0.561602
3.31797,-0.944245,-2.10022,-0.204413,3.44145,2.65285,-1.87267,-2.28717,-0.184088,3.42906,2.68563,-0.98709,0.845241,3.58623,0.956268,-0.25309
0.997956,-3.09092,0.307748,-1.05948,2.43825,-2.14252,0.408001,1.13035,-3.11356,1.56852,2.40947,-0.761285,-1.60374,1.10572,2.47737,-2.26661
3.14747,2.07233,-2.11285,1.85369,-0.886654,1.92273,-2.18094,-3.05801,-2.16345,0.26014,-1.96557,2.4753,-0.833217,1.09315,-1.16263,0.582507
-0.866663,-2.10188,-2.9474,-12.6213,-8.48581,1.89306,-3.20774,-3.21621,-1.54717,1.6245,-0.735496,-10.8098,-3.23744,-2.37945,-1.98541,-0.956016
-0.429457,2.32497,0.702261,-0.971496,2.07966,-3.27335,1.43864,-0.718345,1.95685,0.899808,0.865688,1.48485,-0.630143,1.48497,-0.157292,2.37532
-2.79007,1.6084,-3.1564,2.58088,-1.05081,-1.64177,3.03689,0.989623,2.7275,-0.696249,-1.52983,-2.67318,1.09003,0.840114,-2.09766,1.06516
-0.654439,2.32429,1.08518,-2.66091,0.818116,1.18888,-0.708609,-1.4777,2.66979,-2.09647,-1.94477,3.27768,-1.81402,-2.40351,-2.44154,-1.52648
-1.77394,-2.41469,-0.690634,-3.1395,1.05457,-1.97095,3.7481,3.10087,-1.50579,-0.808069,2.60903,-1.44035,2.60415,-0.785302,2.46028,-1.93372
0.312388,0.402234,-2.05701,-2.51713,0.527907,1.53728,0.66335,-0.325571,2.91799,-3.86917,1.21927,-0.922021,1.8551,1.24979,-0.656695,-2.12739
-1.67598,-3.14701,-2.13581,-0.0405896,0.261391,-1.71575,1.99628,-1.33641,0.856653,-0.429548,1.4749,-1.63976,-1.85796,-2.41561,-1.38035,2.25257
1.15903,-2.98275,3.51039,-1.94165,-2.34107,1.86797,0.731468,-0.87875,3.05054,-0.538285,-2.16269,0.188055,2.00573,-2.74068,1.67223,0.19422
-2.72146,3.16618,2.17628,1.31273,2.41042,-3.30137,-0.765099,-1.56542,1.55974,2.56362,1.48143,-2.25849,-0.48323,1.39982,1.29627,-2.92422
-2.70613,-1.10913,-0.574875,0.680995,-0.353954,-1.32695,-1.47365,-2.02036,1.04325,0.330882,1.01431,-1.82787,0.530412,-2.3375,-1.01257,1.03854
0.528642,3.35624,0.715415,-2.26506,1.79742,1.80277,1.39781,1.47111,-0.396558,-2.48439,0.749046,0.444411,0.256903,0.865257,-3.32365,1.01438
-2.85312,1.1984,0.358319,1.07981,-2.42701,0.337227,-3.25846,1.14799,1.76446,2.65405,-2.38624,1.58162,-3.3394,1.29044,-1.58061,1.4257
-1.83303,-2.04425,0.551927,-3.78628,-1.49779,-1.50315,-1.17246,-2.96042,-2.51866,-3.10044,1.39915,0.688253,-1.85815,1.65062,0.201117,2.10492
-1.06394,-1.05301,1.37999,2.13648,1.34282,0.0158089,0.0869168,0.225898,-1.11942,-0.969697,-0.255501,1.51525,-3.1338,-2.05768,-2.03815,0.249092
1.79058,1.11374,-0.0565812,2.11212,3.38194,1.16153,-2.89419,-0.522656,1.58623,0.0765409,0.30488,-1.30851,1.80774,1.22977,0.906429,-2.38392
-1.24927,-2.59838,-2.26082,1.47209,-1.7174,1.15561,0.626423,-2.06598,2.04724,1.81945,2.5403,2.39504,1.84179,0.129948,-1.66335,-0.200629
-0.361522,-1.69811,0.673365,-2.24408,-1.4564,-3.24473,2.2782,-1.85577,-1.13407,-1.49224,0.610554,-2.64931,-2.20588,2.63405,-2.38627,-0.707782
-0.904874,-1.69738,-6.36451,-0.885955,-1.78967,-10.933,0.793753,-0.28425,-10.1046,-0.592578,-3.00683,-15.6787,-4.73896,-3.50566,0.341197,-15.24
-3.75652,0.0155036,0.708789,-2.60377,-0.128849,0.31196,0.370618,-0.878872,2.8793,-1.12232,0.510449,0.428236,3.12278,-0.0463886,1.02017,0.840114
-3.59688,1.57707,-0.205176,-0.784997,-1.62889,-0.676834,-2.08338,0.158757,-1.75029,-1.88531,2.33655,-2.4698,1.19031,-2.01617,1.18143,2.15375
-1.25217,-1.88946,1.42485,-2.60024,-0.357616,1.68111,0.111392,2.6465,-4.28745,0.812861,-0.344676,1.81268,1.79516,1.60991,-2.49648,0.119572
2.06458,-1.77452,-1.55657,-2.24775,-2.9534,-3.39567,-1.70153,1.13419,1.81457,1.38798,-1.70318,1.52217,-1.0274,1.38981,-1.1558,-0.586444
-0.321728,-1.24131,0.967589,0.537675,-0.507308,3.29508,2.88485,0.131044,3.8547,2.38528,-2.00042,-2.28285,0.262374,-0.780935,1.25303,0.0198372
2.61916,0.88778,-1.70989,0.105167,-3.35172,0.890045,1.43199,-3.53051,0.0438248,-2.09729,1.70354,0.24485,-1.19394,2.31138,-0.512802,-2.14795
2.03097,1.7221,1.72133,-2.50868,3.84204,-1.96906,1.36568,-3.41496,-0.69158,0.249458,-1.83417,1.9815,-0.647237,-1.75072,0.133916,-2.05902
1.63683,0.995636,0.711081,-2.0849,-1.46077,2.19794,1.46672,2.3306,0.768334,1.82202,-0.80343,-0.337749,-0.395276,-2.24427,-0.726981,-1.72033
-1.41111,-2.48933,1.54717,-1.32474,-0.036927,-1.56676,-0.499003,-0.213107,-0.48671,2.1258,-0.396923,-0.710105,1.8616,1.56273,-0.657588,-3.37501
-1.99902,-1.64483,-3.26005,-0.997041,-1.99148,0.824886,3.25489,-3.42534,-1.48943,-1.8327,1.19199,1.76349,-2.98648,-3.33036,-1.6057,2.39954
-2.35799,0.189764,-1.95276,-1.48393,2.56121,2.97787,1.02359,1.03305,1.36519,3.15598,-1.78192,-0.958586,0.887685,2.36634,2.91617,0.199286
-0.470016,-2.36884,0.736351,1.28245,3.39763,0.701616,0.608509,-2.27455,-0.0723897,-1.53776,-2.4315,-0.561907,3.6685,-0.754298,-0.68551,1.88922
-0.587726,0.622731,3.08334,-3.03245,-1.03885,-1.90014,-2.95572,1.22208,-0.624104,-0.570878,0.853785,-2.22129,0.848297,-3.17698,-0.705832,0.483716
-0.84048,-1.29942,4.46495,-1.7087,0.705864,-1.47262,-1.23124,2.28089,1.52812,-2.64755,0.431165,0.0487389,-0.0436722,-1.12119,1.16147,-0.251111
1.89172,-1.39042,1.41667,1.37568,0.643635,-0.782926,2.92629,1.82769,2.26695,1.26157,1.33354,1.96594,-1.36253,1.57665,-0.0830714,-0.634663
1.68968,2.05823,1.98529,-0.65627,-3.31049,-1.98181,0.714499,-2.99009,3.68376,-3.31083,-2.52815,3.08847,2.25556,-1.02664,3.35386,0.324136
1.6712,-8.49985,-1.21405,-8.78898,2.98995,-4.30638,-1.82842,2.15546,-6.07002,-15.1276,0.762901,1.12751,-9.7,-0.406812,-0.044008,-0.441542
-1.59041,1.2096,2.63405,-1.00339,-1.28886,1.97577,-1.9928,0.446361,-0.181645,-2.22126,0.773156,0.322886,-3.40514,-0.544512,-1.48076,2.36524
0.273537,-1.07718,0.327403,2.56642,-1.18021,-1.12916,0.27549,0.490887,-0.20539,1.19336,1.45036,1.18964,-1.78466,2.35181,0.468218,-0.941833
0.603717,-1.30326,-3.09955,0.877653,2.46449,-0.699908,0.461928,2.59932,1.43272,-3.14371,-0.166937,-2.93503,-1.11533,2.24787,-0.411329,-2.47059
2.44624,1.04956,-2.12598,0.428785,1.54458,-2.07211,2.41432,-0.952423,-2.03699,2.26215,-3.69802,-2.44832,1.05503,-3.296,-1.32091,-2.20838
-1.49593,0.17542,2.81374,-1.77074,1.60573,2.57067,1.90875,-0.502097,-1.76757,-1.53832,-2.31992,0.751671,-1.87274,1.91986,-2.61068,2.62428
-0.906095,-2.27469,-3.71001,-0.604179,1.7784,1.69378,1.38152,-1.16846,-2.18775,-0.023743,0.866172,2.31312,-3.16288,-0.8348,-2.16144,-2.88632
2.46516,-1.49419,1.31285,-0.781247,-2.0249,1.22537,2.09338,-1.8504,2.45278,-1.23179,2.22627,-2.59484,-1.07883,-2.49297,0.643879,1.09689
-0.561116,0.357036,0.0106205,0.131535,-1.79971,2.6249,-1.36714,1.08762,-0.5779,2.33253,-4.10489,-0.364941,0.540422,1.87134,0.655176,3.07609
1.66225,0.583757,-2.01477,-1.33214,1.0253,-2.46254,-1.15433,3.38627,-0.289499,3.13956,0.65752,2.26899,0.623611,-2.16858,1.16618,-0.380444
-0.832606,-1.90002,-0.0853905,0.238655,-2.53688,2.59651,-1.98187,1.81262,2.87848,-2.79827,1.04001,0.239631,1.43559,-0.478072,0.756676,1.58641
-0.921659,1.67669,0.0105594,2.01056,1.53875,1.58803,-0.0418709,-1.17093,-0.793787,0.43355,1.3296,-0.635334,-2.55061,-0.345164,2.7438,2.36014
-0.475417,0.505085,2.55757,1.53959,0.81405,2.45686,2.74423,3.3953,-2.34449,0.373027,0.73343,-3.51543,2.99899,1.06015,0.803371,-0.808615
1.11801,3.20685,-3.45066,0.135502,-2.13678,-0.21192,0.369427,-1.64082,-1.50096,-2.04114,0.722556,0.582175,1.90503,-2.82644,0.691489,1.06022
0.399335,-0.618851,2.23612,2.26444,1.25022,-1.90667,0.0136726,-0.996185,-2.52468,0.648702,1.82397,-1.56096,-2.90939,0.706229,2.15162,-3.23594
2.991,2.20899,-0.0587176,0.534623,-2.22629,-0.266675,-1.09031,1.9574,2.58806,0.176764,-2.6495,1.50884,-0.985995,1.51698,0.784078,1.46879
-0.237919,0.519363,1.01462,1.51634,1.34129,-2.00287,-2.72738,0.805689,0.848176,-1.45341,2.51161,2.68115,3.45665,-1.64153,1.94508,-1.12046
-11.8999,2.06305,-4.65794,-8.95845,-2.90438,-11.8874,-0.0325942,0.0303968,2.0224,-2.55055,-6.06522,3.296,-4.01747,-2.25837,2.6199,-1.69689
1.74554,-0.916048,1.52605,-3.43064,2.86477,-1.61345,1.33948,1.85601,1.82629,3.18161,0.345228,2.08405,0.425122,2.99075,1.74083,-0.939879
0.329047,0.373547,-0.758812,1.19742,-1.26066,2.04181,-2.1327,-1.49852,0.340465,-0.623189,1.27561,2.55269,-0.186224,-2.30812,2.04315,-0.364574
-1.18613,2.54316,0.0643941,0.18604,-0.674703,-0.672719,2.77892,2.4988,1.76562,-1.99615,2.23383,-2.47853,-1.01115,-0.119841,1.86156,2.53954
1.50218,1.02615,-1.21531,2.07941,-0.204169,-2.09302,-1.99994,0.982876,1.74975,-2.19574,-2.61312,0.961573,0.582903,0.747032,2.75466,-1.69848
-0.606891,2.85958,-0.839045,-0.481457,-2.66072,-0.842612,0.819788,3.61199,2.31822,-1.8515,-2.24867,0.83578,-0.419812,2.32624,2.23213,-0.582936
-0.58449,-3.26243,-0.766686,1.16068,0.733542,3.15854,0.833033,-0.0579239,2.2176,0.721183,2.9899,-0.804773,-0.120731,-1.43254,2.28566,-0.228344
-1.98688,2.03437,0.281747,-0.186773,-1.22129,-0.510576,-1.05472,0.451003,2.40193,-0.913419,1.39967,1.854,-0.694052,-1.09769,-0.818873,-2.55147
-3.36674,-1.32823,2.13004,-1.80054,-0.775804,1.95368,-2.07886,-1.44422,3.11081,2.51564,1.7553,-2.3036,2.82058,2.81698,2.09027,0.380627
1.18509,-0.980559,0.00689744,0.252022,0.894925,2.77382,-0.109073,-2.66707,1.46062,-0.555715,1.10172,3.44457,-1.94848,0.191719,-1.79699,3.2678
1.41221,-2.73385,-1.322,0.981045,0.0745874,-0.0645769,-2.51778,1.78948,0.273446,-3.11365,-1.57989,-5.03859,1.7246,0.972132,2.32301,0.498917
-2.62087,1.4586,-1.24979,-0.162633,1.48009,2.97324,2.43404,1.67046,0.118743,-1.59548,1.09323,2.70492,1.92718,-1.17692,-3.01352,0.570575
0.895352,2.99356,-0.241585,3.07474,2.17515,2.27613,0.270577,0.556568,-0.395151,-1.82568,-0.0362848,-1.76495,0.171575,0.0258187,2.56965,-1.2652
-1.63591,2.74603,-0.38612,1.57897,-2.48655,-1.36882,-0.600421,-1.92536,0.901395,-3.12729,-2.32722,1.9202,3.19273,-0.237313,-2.40419,-4.30186
0.711015,3.08646,-2.23966,-1.22709,-1.65139,2.8298,-3.17771,-1.40153,-1.43742,1.43358,1.43849,-1.76883,2.18348,1.67177,3.06046,2.08972
-1.85144,-2.4211,-1.61303,1.23527,2.853,0.882656,0.0383922,0.196478,0.768456,1.64323,2.02093,0.477676,2.55068,0.985686,2.6693,1.04108
1.22782,-2.70375,0.673727,-1.36106,1.52318,-1.59782,-3.666,-1.26743,-1.41673,-1.44805,-2.86264,-2.93493,-3.63371,-0.0527974,-3.01004,-2.97314
0.302866,1.02094,-2.2809,0.366751,-1.98474,-1.66588,-2.61302,-0.827631,-1.89044,-6.3209,-2.05756,-7.61649,-10.4617,0.798272,-3.25162,-25.5034
-0.661764,-0.986511,-0.992156,3.00779,-0.000854439,1.97241,2.03393,0.720322,3.7217,2.13068,-1.11911,1.49092,-0.371532,1.79967,1.94134,-1.32353
-3.56709,-2.32947,-1.01462,1.55382,3.72241,-0.49696,-2.48496,-0.360362,-2.43598,0.555498,2.90036,-2.93137,-2.52492,-0.326671,-1.94195,1.07139
-1.82427,0.789209,-0.163579,-1.17839,3.11814,-0.425367,0.862758,-1.06156,-0.851406,0.432264,1.5649,-1.72179,-0.0989407,-0.546095,1.42518,2.91746
-2.44417,-1.08346,1.54027,-1.45286,0.523301,3.2569,0.18659,-2.68398,-2.43025,0.700766,1.1713,-0.446794,-1.12211,-1.7687,2.32172,1.43016
0.358683,-2.62209,-0.832941,-1.02359,-1.95092,-0.763569,-0.419874,1.46941,3.86953,-2.10932,-0.812281,0.138798,-0.762503,2.26173,1.3289,0.406381
-0.742148,0.296456,0.242988,-2.34584,-2.82812,-1.2299,-2.87185,1.75188,-3.14582,-1.35612,-2.52742,1.3376,-1.11838,1.58593,1.80212,3.52711
-0.157415,1.1044,2.0459,1.68584,3.05173,0.0805075,1.45262,-1.55565,-5.52263,2.1048,2.21815,-1.63139,-2.50264,-2.77493,1.41209,2.60506
-2.04019,1.29319,-0.829981,-2.0758,1.32554,-2.82888,0.365184,-2.29676,1.58861,2.2541,-0.7651,-0.914518,-3.62817,1.21772,-1.53511,-3.22355
1.18418,1.42296,-1.35075,1.16611,-3.04215,1.76684,0.153446,-2.46134,1.4882,1.67187,-2.01685,1.27381,2.59706,0.443127,3.46868,-2.65432
-1.31769,0.837733,-2.70009,0.583334,-1.56523,-3.35746,-1.86938,-0.890321,-1.70305,2.5243,-2.01258,-0.0755338,0.985623,-2.06537,1.02243,-0.779321
1.64482,2.05481,0.915926,-2.72995,-2.23786,0.520158,2.84817,0.144902,1.15501,-1.80273,-1.46825,0.10346,2.78128,1.21921,-1.45432,-1.5197
1.58647,-0.37907,2.78243,-0.0818804,0.534196,-2.01166,-0.39851,-0.12165,0.571062,-0.993226,-2.28938,-2.7311,0.544267,0.156193,2.03454,-3.06247
-1.62813,-0.232917,-1.06568,-1.12082,2.41114,1.45878,2.1012,-3.32585,1.21885,1.49583,-1.17643,-1.30668,0.539447,-0.0687889,-0.17304,-2.46315
2.19721,0.0673851,2.9675,-3.88901,0.957675,-2.08844,-2.13123,-0.46968,2.55947,2.25795,1.65636,-2.57943,-2.07386,-0.013306,-1.84423,2.22636
0.147098,0.390151,0.853908,-1.75616,0.650838,-1.09494,0.0957671,-2.59712,0.852565,-0.123966,-2.04611,0.284188,-2.75222,3.15594,3.04715,-2.67831
0.941922,0.172064,-2.46602,0.019929,-0.314158,-2.12827,0.131962,2.25983,-0.528448,1.25419,-1.61437,3.35716,2.01226,0.347606,-0.974699,-1.63945
2.54909,-10.6109,-1.85925,-2.3013,-1.46366,-7.62151,-0.669515,-12.0937,-2.17671,-13.1813,2.17494,-3.85977,-3.33622,-2.44863,-3.57121,0.831521
1.71258,-2.11756,-2.75808,1.81621,-2.30591,-1.41716,-2.24531,1.53844,2.67306,0.310804,0.73025,-2.22498,0.827845,-0.619679,-1.64086,2.09533
-3.6046,2.30433,1.63774,-3.23301,-0.935698,1.89318,-2.08655,0.445787,1.66741,1.86523,-3.26768,-2.09778,-0.0377515,1.07239,-1.56248,-3.01584
-3.59175,-0.505568,-0.0311903,2.88564,0.140446,-2.79147,3.33595,0.3354,0.360545,0.0399181,-1.58025,-2.53872,-2.02551,-0.16953,1.85095,1.08957
-2.8417,1.68035,-0.547195,0.135564,0.589557,0.209784,-0.128483,2.57177,-0.0512096,1.06735,-0.331736,-0.501719,-1.07135,0.840541,2.22681,0.893735
-0.374462,-0.412916,-3.59968,1.35935,-1.14457,3.34309,2.06335,-0.0588396,1.81328,-0.156743,1.37437,-1.63744,0.453016,1.42754,-0.907529,1.80554
-8.38164,-8.95532,-3.19556,-0.578264,0.738914

