0.819361,0.0405902,1.98661,0.816087,1.05869,1.01123,-2.61184,-1.31074,2.16627,0.0453547,0.406843,-1.4373,-1.06137,0.616664,-1.72745,-1.91925,-1.38497,-0.93582,-2.19788,-0.102237,0.380016,-0.451587,-0.345197,-0.00140333,0.0474554
-0.438093,-0.155644,-2.65664,-1.39851,0.011261,0.50618,0.775689,0.552507,-1.31266,1.57103,0.225985,0.826929,-1.13233,-2.68596,0.983617,2.07687,-1.22877,-0.581317,-1.22205,1.85702,-1.52452,0.821498,-1.16022,0.100589,1.13882
-0.437971,0.813532,0.039552,-0.414554,-3.57121,-0.775781,0.989589,-0.0623795,0.73452,-0.855861,0.0513929,2.26181,2.40064,0.855674,2.72045,1.36091,0.0871889,0.335708,-2.05718,-1.24747,2.01141,0.404033,1.77703,0.889034,-0.188304
-0.495864,-0.627461,0.491348,0.179387,-2.00833,-1.06246,0.375108,-1.89401,-1.56502,-0.743827,1.23013,-1.5892,1.0607,1.60824,-3.10807,1.8485,-1.42769,-0.32725,2.15619,-0.315012,0.845302,-1.24295,0.488785,2.17961,-0.427229
-0.712,0.771569,-0.459944,-0.13654,-0.169316,-0.128939,-1.39836,-2.26845,-1.59984,-0.255653,0.415174,0.311838,-1.87955,1.63915,1.89374,0.681694,-1.6665,-0.598563,-1.18101,-0.156928,-1.11112,0.431653,2.0397,0.409982,-2.72853
-1.05527,1.89435,1.4102,1.89239,0.529039,-0.971771,-2.48293,1.2082,0.632527,-0.0929005,1.2519,-2.09424,-1.27634,3.47496,1.92773,1.695,2.49031,2.78872,1.36411,0.654561,-1.42442,1.5067,-2.21263,1.40178,1.30494
-1.0282,-1.37181,1.54399,1.31871,1.35783,-0.278879,-0.940336,0.97647,0.745566,-2.44395,2.00567,-2.38609,-1.41584,2.5584,-0.821861,0.928555,-0.196569,2.42445,0.439589,-0.225046,-0.461257,-0.975981,1.68414,-0.872342,0.37022
0.723777,-0.148931,-0.0916473,-0.0325637,2.66945,-2.12904,1.62664,-0.348029,1.13584,-3.52302,-0.820675,-3.07157,-0.631703,-0.124974,1.42687,2.85482,-0.890227,0.802264,1.02264,0.6263,-2.91165,1.26316,-0.385846,-4.7221,0.0853941
-0.803919,1.32939,0.675705,-0.304453,-1.92141,-1.23884,0.188603,0.272256,-0.141149,2.86453,0.429853,0.265145,1.30699,1.53386,0.148838,0.663535,0.807886,0.205388,3.36079,1.22843,-0.00680607,0.704245,0.957431,-1.68176,1.44218
1.49891,-0.00952223,-1.75875,-0.460921,-2.17683,0.172829,1.07068,1.5985,2.39418,0.166661,-0.129519,-0.130622,-2.07968,1.96902,-1.95797,1.84133,1.70553,2.21849,1.24103,1.73882,3.49561,-0.774713,-1.27817,1.39924,2.27113
0.908226,1.09577,-1.8822,-0.933414,-1.36467,-1.47105,-0.824885,-1.19217,-1.26533,-0.705218,-2.54476,0.576551,-0.409773,-2.42723,2.74014,1.09827,2.42622,-0.0831075,1.56237,2.43931,-0.74023,1.2877,-1.18876,-1.69326,-0.589253
-0.202857,-0.049715,-0.127628,-1.12879,1.08314,2.08693,-0.457534,-1.59719,-2.35375,-1.64062,-3.04023,2.80837,-0.0656996,-0.919398,0.363658,-1.02139,-0.130314,-1.17427,-0.844935,-2.51545,0.13379,-2.22446,1.54756,1.4232,-0.81988
-2.27347,1.34397,-1.14609,1.03244,-1.99481,-0.986596,-1.68621,-2.83312,-2.47634,0.910366,-1.86676,1.14778,0.159128,-2.45991,1.25641,1.78741,-0.994171,-0.29334,-1.74342,-1.2096,1.76867,-0.285287,0.164646,2.33882,-1.00815
-1.94452,-0.727164,-0.568499,-2.77461,-1.73874,0.186559,-2.94924,2.26283,0.762412,-0.42909,1.01352,1.10101,-3.07417,-0.19255,-0.0509964,0.290593,-0.862943,-4.2846,0.948758,-1.14819,0.388684,2.18771,-2.3592,-2.45338,-2.30632
2.62466,1.04633,0.148534,-1.43889,2.89968,-1.42991,-0.301401,1.10172,1.10782,-0.152439,-1.21494,-1.15238,-1.21713,-1.0528,-1.93194,-1.44883,-1.23008,-1.54992,-0.379223,-0.904967,2.04822,1.48854,2.44153,-1.39753,2.04675
-0.672415,-0.556298,1.00202,3.52324,-0.877679,-0.891747,0.242284,-1.54347,0.311355,-1.33714,0.216501,2.42943,0.52504,1.15463,-0.73446,0.656209,-1.96527,0.0924125,3.94247,0.558703,-2.20783,0.873659,-2.47899,-1.85464,-2.67574
2.14832,2.4796,-0.742729,0.610096,1.30341,-2.71978,0.834689,0.106327,-1.56807,-0.332407,-1.68996,0.890225,2.74301,-0.612844,1.27671,-0.979674,-1.17097,-0.94961,-0.00674461,-2.51705,-2.27689,-1.95846,3.23773,-0.782342,-0.49418
1.17734,-2.14692,1.66716,0.94177,-1.93781,0.611194,0.456128,1.37144,3.47823,-2.22944,-0.337503,1.59356,-0.494247,2.80163,-0.927636,1.25214,1.38582,-0.960906,1.14298,-0.554883,-2.1861,-1.20487,0.663714,2.72078,0.829188
-9.81815,-0.911163,-2.12054,-8.88691,-7.55508,0.527939,-0.855318,-7.50778,-10.653,-1.35301,-11.8405,-10.3207,-11.2397,-16.4773,-3.47178,-2.85419,-3.32113,-0.303902
-0.766132,-0.527664,0.489943,0.355205,-0.666523,0.732018,1.53924,-0.312448,2.4099,1.15122,0.158086,-3.19492,0.110752,1.96747,1.27967,0.292829,0.183296,0.80221
1.61715,-1.22166,1.73306,-1.91247,-2.76739,-0.422224,0.345805,0.327956,-1.10788,-0.513531,-1.91079,3.2938,2.46755,2.42553,0.884029,1.16632,-2.22165,-2.63411
2.44059,0.735987,0.93774,-0.687551,-2.72762,2.91413,1.07273,0.131352,-0.148289,-0.465133,-0.797387,1.83837,1.25566,1.12573,-0.578504,0.973964,0.292795,1.01138
-1.10416,-1.21055,1.28388,0.427814,-0.304911,-0.285592,1.05472,0.00271673,-0.261422,0.401991,3.65933,0.975099,-1.50606,0.427594,-0.193244,-0.314886,0.0738844,3.59166
-1.25947,-2.24513,-0.213293,1.07071,-2.15635,0.0282904,-1.63188,0.156103,0.017487,0.459275,0.175817,0.282478,-2.05069,0.23795,-0.785395,1.37177,2.01575,-1.85802
-0.317083,-2.04362,2.61666,-0.0383926,3.72418,-0.946352,-2.91998,-0.377331,-0.419875,2.41731,0.623891,-2.25813,1.38084,-1.02591,1.96905,-0.754357,1.31095,0.676783
-0.935121,1.69491,0.979281,-2.04773,-0.76516,1.49572,-0.852413,-0.576158,0.0735839,0.0333859,-0.329083,3.02188,-0.430557,2.33015,-2.0472,-3.20267,0.933933,1.45528
1.82016,0.0935419,2.08332,-2.28547,0.374219,3.00074,-1.56643,2.63247,-1.6758,0.544877,0.945034,1.18671,2.04209,-1.3206,-0.728965,-1.43125,0.227729,0.301096
1.83654,-0.659352,1.10599,1.25007,0.56459,0.708487,0.850096,1.72419,-0.486465,-0.0307019,1.83709,-1.57304,-1.42552,0.571036,1.72912,-2.04343,2.13312,1.03696
1.35948,-2.1959,-1.2443,-1.12991,-1.87121,-0.445143,1.40101,0.771474,1.56123,-0.185919,-0.781026,-1.12158,-0.607805,-0.436292,-1.72021,0.241982,1.3289,-1.2391
-0.315012,0.0343336,-1.54002,1.3278,0.861623,-0.951051,0.750359,0.783717,-2.17152,0.203738,0.149936,-0.721858,-0.378033,0.457933,-0.836909,-0.780968,0.967376,0.223273
-2.03726,-0.959533,-1.38194,-1.13739,-0.9747,-1.99945,-2.65535,2.26038,0.657368,-0.104251,-1.20059,-2.31135,0.823084,-1.90079,0.941498,-1.11179,-1.9765,-0.403516
-0.347174,-1.74935,-1.97495,-0.0432106,1.35414,0.595813,1.13712,-0.219058,-2.28257,-0.0767222,-2.54293,0.0162353,-3.00748,-1.01773,-0.626606,1.16559,1.09122,0.67565
-2.09427,-1.68355,0.530809,0.122013,0.985591,-0.226597,-0.549729,-2.98312,0.994873,-3.07969,1.25346,2.27967,1.98981,1.82821,0.579485,3.09348,-2.60976,0.399304
-0.441481,-1.45684,-1.02164,1.03253,1.2407,-3.03674,1.16605,-2.06879,-1.81161,0.451277,0.0863072,1.59227,0.960295,0.409433,2.6638,2.24399,-2.35646,0.857322
1.26005,-1.67412,1.30592,-0.226997,1.25184,0.21949,-0.45021,-2.06208,-0.609516,-1.22816,0.398815,-0.926939,0.922757,1.662,1.18824,1.56899,0.510854,1.25669
-0.0873751,2.11184,1.35596,-1.20066,2.19825,0.0827964,0.796507,0.925752,2.35524,0.378734,0.068911,-1.46346,2.25113,-0.57509,1.63662,-1.64131,0.850978,2.04304
-1.4839,-1.98663,-0.315779,0.536671,1.68206,-1.31288,-0.618488,-0.403883,0.63744,1.05414,1.08853,2.46697,-0.309641,2.08991,-1.42332,-1.66563,2.07004,-1.6654
0.800462,-2.80978,1.69511,-1.72826,-8.88181,0.737171,-2.21579,-1.92944,-2.84939,-3.75422,-6.59449,-12.3688,-10.8094,-0.339916,-1.04769,-1.07404,-1.75838,-1.82997
-3.99169,-0.599447,-1.33054,1.31788,-2.12751,2.05685,-0.933195,1.57958,1.13282,-3.50967,-1.35233,2.70974,1.74212,1.10837,1.52086,-1.04071,1.89538,-0.036073
1.7943,-0.778591,2.13401,1.59368,-0.851948,-1.35502,-1.19041,0.633076,-0.772302,-1.4553,-0.299814,-0.537645,0.0524889,0.29902,0.510297,1.05692,-0.572497,-1.22822
-1.16437,0.0541701,-4.93775,-0.532424,-0.795801,-2.48936,-2.2463,-2.36812,2.20488,1.28434,-0.508866,-0.0597558,-0.882382,-0.0587498,-1.34795,-2.592,0.137457,-2.80107
-0.433639,-2.23151,0.690695,0.85879,2.70061,-0.609241,-1.88052,-0.763726,-0.659505,-1.1875,2.31638,-2.38056,-2.53581,1.63311,2.06793,-1.20011,-1.05048,-0.295297
-0.836879,-0.434064,-0.813104,2.14421,-0.0190129,-2.03522,-3.08237,1.28745,0.812124,1.21196,0.491988,-2.85137,0.275979,-1.25495,-1.82412,-1.13187,0.379406,-0.571642
-1.35432,-2.15482,-1.37421,-1.48775,0.536817,-1.4155,-0.524003,-0.175569,-2.62668,-1.447,2.53608,0.382122,3.08872,1.10215,-0.214088,-1.89947,0.65767,-0.400887
-1.03391,-2.40562,-3.16492,-0.886568,3.33579,1.97943,0.773825,0.744224,-2.27872,-0.237496,-0.645162,0.544572,1.99222,-1.34501,-0.537518,-3.02955,1.21461,-1.35575
0.984714,1.56645,3.23805,-0.251656,0.815272,-1.40598,1.98182,3.04398,-0.374036,-0.952296,-0.0777609,-2.05564,2.17127,-1.04599,-3.01181,-0.0156862,-2.33033,2.10792
-0.83929,-1.90887,1.76934,0.528123,-1.0958,-1.48167,0.643177,1.40074,0.321997,-1.09479,-0.395642,1.0718,2.83526,1.07221,-2.17167,0.0930543,-0.852871,0.0737319
0.0466323,0.714011,-2.01163,-0.82577,1.2649,-2.47251,1.1005,-0.931761,0.668728,1.15986,0.680104,2.08341,0.161657,0.220859,1.01678,-1.61165,0.695304,1.96732
-0.591723,0.411723,-3.74783,2.58665,0.9429,-2.25703,1.11466,-2.03305,0.155433,0.365428,1.99588,-1.15409,0.30781,-2.53884,0.122379,-2.9866,-1.08817,-0.518723
-0.0274321,1.92096,0.671345,0.70885,0.942348,-1.98404,-0.22535,-0.564746,-1.1685,-0.15656,0.795892,-0.39855,1.10092,-1.12717,-0.981565,0.38429,-1.53899,-1.40961
0.211035,1.11109,-1.40272,-0.108157,1.02516,-1.70696,-0.859218,-1.6989,-1.41206,0.611804,-0.119144,0.323069,-1.5905,1.57063,-0.663045,1.39076,2.30549,1.64708
-2.00729,-0.214697,-0.976593,2.4011,-2.67199,0.296487,-0.576831,-0.0830405,0.209819,0.0769368,1.76034,-0.296243,3.99127,-1.52006,0.667498,-1.71417,0.718349,2.28838
2.11319,0.5179,0.787069,-0.0808741,-0.454817,1.94363,-0.944704,-3.51818,-2.62532,0.421944,3.4507,2.82763,2.01321,-1.35261,1.28742,-2.45747,0.638081,-0.238103
1.05377,0.747183,2.96192,-1.22007,-1.18686,2.38832,-1.19241,0.412793,-0.991879,1.56361,0.795617,1.95699,0.932527,-1.38047,1.40732,-0.473281,1.85275,-0.589679
-1.30076,1.17933,-0.236221,-0.352061,-0.342784,1.38615,0.518365,0.141819,-2.10859,3.25889,2.12159,-1.57384,-1.09601,0.555796,-1.69231,1.86319,-0.672898,-0.415331
-0.450755,-1.92841,0.631734,-0.918667,-0.0676895,-2.70254,-0.236519,-0.118689,-0.200354,-1.46326,-0.594256,1.98901,2.0376,-1.59349,-0.249704,-1.01578,2.09097,-0.239119
-12.1146,-3.21015,-21.4019,-5.59699,-6.5637,-6.92349,-5.33131,0.0710467,-10.5752,-2.65511,-10.3819,-3.52525,-2.3144,-2.53802,-7.03669,-1.44985,-1.03775,-4.52389
-2.04016,-1.51671,-0.393292,1.6313,2.61211,0.295358,-1.22239,-2.73821,2.4553,-0.12946,1.34614,0.933469,1.46016,1.00515,-0.289835,2.7758,-0.936913,1.29563
0.418042,-2.83184,-1.54982,0.403394,-0.35023,-1.86709,1.49479,2.91532,0.932948,-0.338724,0.51152,1.73159,0.997887,-0.203711,0.370065,-2.51301,-0.379925,1.15891
-2.36211,1.26213,1.09467,1.91659,-1.54463,-1.618,0.866054,-0.661733,-1.1799,1.16751,0.347482,-0.206335,3.27394,-0.741755,1.11112,-0.922762,0.554704,1.3762
-1.98405,1.18488,1.50715,-1.03095,-0.77102,2.18683,-0.551896,-1.4391,-1.63481,1.66179,1.72606,-1.92982,0.497935,2.23005,-1.08637,-1.11185,-1.67931,-1.62084
1.31651,0.490127,-0.962429,-0.397717,1.39625,-0.321848,0.468337,-1.87505,-1.50749,-1.60991,-3.01111,0.484019,-0.655388,-2.07928,-0.332682,1.11939,-2.36885,2.85965
-1.86539,-1.77987,0.355148,0.582533,0.889436,3.07712,-2.19126,-1.9265,-1.56704,-2.03291,-0.132786,0.62453,-0.372542,2.10774,-1.8207,-1.17297,0.085024,0.182989
-0.337902,0.563494,1.78076,-1.59529,1.38725,-2.63975,0.785546,0.561571,-0.140229,-2.12031,-1.24919,1.36295,2.16896,4.23491,-1.86364,-2.00046,-1.07697,-1.42637
-0.23762,0.140378,-3.08021,-1.1413,0.271737,-1.18299,2.26832,2.12238,-3.29594,1.31547,-0.4391,-0.89392,-0.921325,-1.52162,-1.65914,-0.269052,-1.11621,-1.18595
0.236848,0.374466,-0.485061,-0.504104,-1.06164,-2.58208,-1.42289,0.842311,-1.05179,1.27818,1.4579,1.13157,-2.14936,1.99667,-0.393961,-2.46694,1.63615,-1.51894
0.906125,0.793695,-1.09153,-3.26176,3.00754,-0.830347,-1.17591,0.423173,-1.04727,1.59666,1.47325,0.558672,2.38795,0.290872,-0.179204,0.698935,-1.10996,-1.21433
-0.285225,-1.29606,-2.27003,1.67696,0.061953,-1.89365,1.81088,-0.990262,-0.199224,-1.46864,0.705285,-1.23206,1.64245,-0.895381,-1.49975,0.771021,0.109504,0.125462
-1.47343,-0.0533466,0.935784,0.843047,0.209782,-1.57988,-1.55379,1.06754,-0.43178,0.927942,1.29326,-0.495098,-1.4224,1.51994,-1.32774,-0.132724,-1.22816,-0.250316
-1.83685,0.205664,-0.119023,0.868592,-0.586169,-0.988436,3.16978,-0.543932,-1.5906,-0.634542,-0.426924,-2.50722,2.07337,1.21661,2.38509,2.02167,0.578721,0.863491
-0.323008,-1.86496,0.694632,0.586538,3.21186,1.46806,1.19245,0.383251,0.806757,-1.53697,0.597216,-1.09167,2.17484,3.10764,-2.37807,2.17099,-0.317607,0.0283778
-1.32877,-1.01556,-2.56728,1.36424,-0.338849,0.784845,-0.472428,1.57131,-0.205298,-0.305856,1.89016,2.25175,-0.994996,2.2245,-0.984221,0.51326,-2.21604,-1.3296
1.30611,2.9364,-1.22424,1.98901,1.95059,1.06213,0.713369,1.10697,-0.281014,-1.05551,0.913635,1.27085,-0.531815,-0.325968,-2.0658,-0.342963,0.203711,-0.925169
-0.0707723,0.979554,-0.837854,-1.43986,-0.663259,3.25871,-1.1236,0.449381,1.05509,-2.41547,2.15342,-1.5009,0.898281,-1.45158,1.95035,1.60188,2.52451,2.08987
-1.54097,-3.86037,-0.0516365,0.148473,-3.48805,0.0843841,0.935881,-1.716,-2.21033,2.57338,0.281625,0.133673,2.48189,0.108039,1.5298,-0.844385,0.541764,-0.773919
-2.8279,-1.713,-5.42121,-2.44759,-6.11694,-6.48426,-1.65385,-11.8586,-8.15061,-2.71812,-5.39562,-4.91492,-1.42106,0.377636,-1.67608,0.0862755,-2.99746,-6.75188
-2.40186,1.34217,0.98043,-0.68831,0.771817,0.137425,0.623951,-1.86212,1.39363,-3.48334,0.970605,-0.621296,-4.24689,3.0156,0.925964,-0.616107,0.259651,2.02884
-2.17512,-0.819451,-0.262856,0.667345,-3.1066,-0.320656,0.991817,-2.27488,-1.20576,-0.692404,0.418226,-1.85559,1.5413,1.88501,-0.33839,-0.636345,-2.7524,0.724086
0.950801,1.73811,-0.568346,0.536942,-2.28481,-0.830131,-0.222632,0.779447,1.2024,0.320018,1.36497,-1.24644,-0.805233,-0.186529,0.693441,-2.38597,1.20487,1.68645
0.573104,-1.19016,0.688803,-1.31022,2.94079,0.793115,1.08234,-2.00909,0.729636,-0.523026,-1.19138,-0.371501,0.354986,3.2079,-1.02469,0.380658,-0.888481,-1.8793
1.12161,0.844722,2.55345,-2.88329,-1.33457,-2.10956,-2.94202,-1.23786,1.32291,-1.8139,3.26466,-1.28287,1.34592,3.00222,-1.16935,1.42695,0.199041,0.489182
0.804164,1.8546,1.72023,0.0549339,-0.510086,-1.01297,-1.19196,-2.03955,-0.974425,-1.23932,-0.796167,0.238903,0.716788,0.349254,-0.895901,-2.46712,1.16565,-1.0806
0.785484,2.1182,-2.63466,1.44471,-2.5374,0.95145,0.170781,2.10923,-1.80554,-1.77874,-1.11875,-0.0399183,-1.54811,-1.07504,1.55571,2.21229,0.847162,-1.71892
1.06246,2.30955,2.96731,-0.430005,-1.80944,1.18293,0.959162,-1.68865,1.23286,0.432692,0.826807,0.472793,0.207831,1.84331,2.30707,1.30998,-0.0336008,0.112798
-0.52199,2.55852,1.76961,0.659933,-2.38963,-0.083045,0.275063,-0.0900294,0.234142,1.57024,1.33885,-2.33808,-1.13358,-0.0617424,2.01782,-3.85577,-1.60106,-1.15793
-1.20539,0.232384,1.38691,-1.74797,0.865506,-2.62249,0.508408,2.22708,0.311168,-1.69585,2.86507,1.19584,-0.799676,-1.91818,0.213324,-2.32881,0.823844,0.945493
0.55254,-2.20607,0.446304,0.623066,0.300882,0.501724,0.303292,-0.180237,-2.83859,-0.0806308,1.12246,2.40041,2.2053,-2.48791,-2.28128,-0.579152,-0.806304,1.59322
-3.13986,2.01697,-1.48625,0.249,0.534983,-0.464492,1.21336,-1.60603,0.73867,-0.384625,2.95038,0.491317,-1.42125,0.837674,1.6513,0.0223391,0.819636,-0.653584
0.312937,0.564226,1.37898,-3.48018,2.27118,3.61724,-1.77007,0.045811,0.337749,1.59199,2.64156,0.522783,1.48133,-1.34822,-0.61214,0.204504,0.215064,-0.421949
-0.284799,-0.516923,1.77319,-2.4781,0.345927,-0.717763,-2.94486,-1.30256,1.74868,-0.338389,0.303903,2.89187,0.880214,-0.894315,-0.477614,-3.00094,0.294809,-1.99151
-2.34974,1.12571,0.568228,-2.45802,1.84056,-1.18162,0.639607,1.75274,2.10902,-0.395305,-1.34537,0.179175,1.09442,-0.494461,-0.851829,-1.33287,-1.83221,0.0751749
2.02393,-2.7651,1.07202,-1.31901,3.22929,-0.0859091,0.471329,0.633836,-1.08915,-1.09262,-3.06925,-2.28944,-1.98632,-0.379955,0.614186,-1.26514,-1.51557,-0.263863
1.26203,0.917999,-1.72713,-2.29557,2.28246,0.746422,1.91476,1.23527,-0.75985,0.100986,-0.530351,0.701071,-0.667715,0.905851,0.505353,-1.26399,-2.02771,2.20612
-0.1955,-1.07086,-1.43632,-0.0102502,1.88867,1.26713,0.797083,-1.23182,-1.48637,1.38475,-0.28898,-0.0728168,0.217078,-0.894741,0.109409,-0.162966,1.35154,0.973386
-9.01106,-13.8576,0.49089,0.0630132,-0.346511,-8.13934,-3.28803,2.86453,-8.30242,-5.28538,-4.36757,-0.420238,0.331859,-3.27346,-4.99907,-10.6244,-5.00131,-3.34625
1.59026,-1.43095,0.922304,-0.771142,1.57265,0.922276,2.58151,2.21676,-2.71331,1.07623,0.631396,-3.42475,0.785272,-2.64422,0.279636,0.0139487,1.29557,-0.177797
0.839839,-0.527116,0.448158,0.750603,1.26603,3.04325,0.404159,1.70568,-0.884953,-1.69967,2.95059,3.25826,-0.0391239,0.418653,-0.460952,-1.9542,3.28144,1.05661
-0.17463,-1.10111,-1.09452,-0.0316779,0.151891,0.186407,1.95188,0.485,-0.894253,0.539561,3.07386,-1.48271,1.27128,0.959685,0.996125,1.08918,-0.176396,2.53221
-0.411084,0.638784,-0.998414,-0.347267,-1.40956,-1.14328,0.155431,0.713553,-1.16489,-0.126042,-0.893795,0.392194,-2.36027,-1.88123,-1.12232,-1.8349,-0.984498,-0.873104
-0.508438,-0.685111,0.11008,-1.30418,-0.491383,-0.412366,0.0618915,-2.64202,-1.1124,-2.72737,0.730705,1.90799,-1.09971,-1.55962,2.20102,-0.275001,3.00394,1.22009
-1.92581,0.478103,-1.08661,1.61351,-0.891349,0.791711,-0.0380874,-1.04563,-2.43419,1.23771,-2.38083,-1.69991,0.587603,-1.8207,-2.92392,1.33026,1.2259,-1.44713
2.90635,1.88,0.175054,-0.949854,-1.63743,0.230903,0.28309,-0.139256,1.1955,0.339701,-1.82617,-0.925117,0.706962,-0.180669,-0.980286,-1.5821,0.0532239,-0.331706
-0.236182,0.0349365,-0.0880762,-1.86303,-1.85693,-0.56874,-0.522296,0.667985,0.210212,-0.524179,-0.759118,-1.65859,2.47587,1.69729,3.01022,-0.208411,-1.47905,0.582599
-1.66649,1.04767,-1.25483,-1.80295,1.65316,2.83099,0.886227,1.74706,0.701864,-1.2776,-0.75209,-2.0029,-1.49165,1.46013,0.967284,0.895475,1.38078,-0.411329
-2.57772,-0.250374,1.69849,-0.258307,-0.359508,0.666011,0.870419,-0.32905,-1.52556,-1.45409,1.41724,-0.488941,0.95505,-1.04624,0.685293,-0.67745,-1.80025,0.322917
-0.322765,-0.990601,-1.24241,1.75799,1.07214,1.08493,-2.46132,-0.260324,0.554645,0.0919215,0.340923,-2.23463,0.350321,-0.0495314,-0.733056,1.39299,1.4384,1.93039
1.9811,0.474685,0.911496,-0.991881,3.66054,1.67778,-1.04395,0.208317,1.19614,-3.03065,-1.19148,1.70531,-0.153752,1.21628,-0.224952,0.80914,0.744041,0.86322
0.413038,0.0901523,-0.950377,1.09955,1.07322,0.899015,0.21421,-0.0296636,0.481277,1.14537,-3.31401,0.79784,-1.66357,1.19458,-2.42268,-0.434735,-1.22788,-1.01465
0.458358,0.445204,1.05533,-0.279001,-0.69558,0.84756,-0.693655,-1.36202,-0.965688,1.47249,-1.9573,-0.796864,1.93722,-1.39649,-1.51247,1.2178,-0.466933,-3.40226
-0.543047,-0.454698,-2.70766,-2.39998,1.25755,1.15851,1.0003,0.792654,2.56128,0.289254,1.18576,0.729576,-0.146489,-1.14292,0.227363,-0.298711,-0.987552,0.850974
-1.01144,0.452132,0.839076,-1.28556,-2.06567,1.17374,0.969722,1.39558,-1.15873,-2.00623,-0.629967,0.60924,1.40806,1.97766,0.0238961,-0.308062,-0.595571,2.29833
2.36009,-2.13166,1.70855,0.00476183,-0.179509,-1.58208,0.516739,-1.02518,-2.2484,-2.01752,-1.27863,-1.29151,-0.0478523,-1.78072,0.318583,-0.122344,2.02935,0.915983
-0.151401,-0.798674,-1.67427,-1.46891,-0.639546,0.440138,-0.869594,0.574912,0.354747,3.62014,0.160314,0.238655,0.993499,-1.61488,1.23902,-1.262,-1.92648,1.34731
0.761558,-2.94538,1.48195,-15.7618,-5.34917,-9.05515,-0.798151,-2.14601,1.31779,-3.71256,-0.858312,-1.39711,-5.18571,-12.3927,-0.626392,-1.21629,-5.6347,-10.4049
-2.46764,0.988372,-2.63835,-1.7691,-0.197119,-2.07425,-1.17951,-2.06961,-2.80593,-0.382854,-0.848079,-1.95141,1.19407,0.236482,0.0284129,-1.19779,-0.33253,2.72511
3.28223,-0.309946,1.86322,0.248478,-0.91659,-1.02362,-0.739124,1.41606,-1.05615,-0.777943,0.447523,-1.86959,-1.64317,3.80346,1.6335,-0.516037,-0.489303,-1.20621
-1.9979,-1.31364,0.0766628,-3.15775,0.779474,-0.815577,1.95962,-2.82437,1.13446,2.93735,-0.699061,-1.11488,-1.19654,0.97281,0.590685,-0.357369,2.17954,2.68599
0.279244,2.88886,-0.779107,1.40187,4.40583,-1.68609,1.29566,-0.791621,0.133732,-0.198462,-1.89544,4.20737,-1.32142,-3.33707,-0.748619,-0.232556,0.546618,0.607623
0.541277,0.708667,-2.96828,1.0459,0.956939,0.774682,1.81912,-0.690207,0.665664,1.85285,0.322825,-0.174078,-0.901914,-1.71115,-1.25486,1.33344,-1.1276,-1.36437
-0.963527,0.534807,1.08264,-0.0368051,-2.15092,-0.879875,-0.711257,-2.62338,0.645005,-0.2761,-1.52925,1.06955,-0.151372,0.767907,2.3228,-0.955504,0.374216,-0.458174
-0.954191,1.38966,-0.0301219,-2.39598,-0.387463,0.80166,-0.548387,-1.80138,-1.79735,-1.44258,1.88607,-1.10361,0.871305,0.729332,-1.62923,-0.419141,2.25611,2.68288
-0.922327,0.220434,0.669392,-1.74975,1.41609,-3.57428,1.04636,-2.09815,-0.771843,0.300852,-0.0870386,-0.429334,0.179543,-1.34044,0.300666,-1.38042,3.07954,2.58498
1.45357,0.733266,1.42847,0.162236,2.1269,1.80066,-1.93042,-1.76858,2.22858,-2.34889,0.318399,-2.35209,1.03912,-0.642445,-0.65551,0.254551,-1.94046,-0.202489
0.201758,0.795465,1.5674,0.693533,2.55974,-0.121712,-0.797998,-0.537675,-0.733116,-0.945767,-0.3277,-1.50981,1.56761,-1.53386,0.772453,-2.13472,-0.843501,0.21629
0.0778513,-1.26395,2.68459,-1.36461,-0.660642,0.292062,-1.24846,-0.211127,-0.24101,0.744984,2.26725,1.46107,-1.43556,1.10739,-0.0498695,2.36183,0.964936,-2.66311
2.94704,-1.62727,-1.06266,2.62941,-1.59749,1.34843,-0.60625,2.66201,-0.288339,0.460129,1.85174,0.554582,0.618672,0.23609,0.135441,2.27732,-2.05909,-1.38054
-0.122287,2.52492,3.38858,-0.314219,-1.77151,-1.83248,-1.7454,-2.91177,-1.29514,0.176825,0.0838725,-0.628278,0.828303,-2.19401,-1.82187,0.143803,-1.74581,-0.47087
2.43523,0.605457,0.137089,-2.17099,1.02463,-0.568864,1.6022,1.32225,-0.881161,-0.692005,0.891811,-0.250344,0.830926,-0.856376,-0.207525,2.24171,-0.765802,1.6899
2.44091,1.26734,0.775474,1.04123,2.8335,-0.801905,-0.909818,0.935821,-2.0853,1.47905,1.78701,1.61559,1.95373,-0.66363,0.996558,-2.58455,-0.298013,0.116491
1.85896,-0.179632,0.61257,1.5537,0.4073,-0.0708024,1.10199,-1.48046,0.65597,-1.61055,-0.118839,1.51912,1.27622,2.60741,0.146126,0.992251,0.50264,1.14961
1.67043,-2.71963,-1.78841,0.0875268,-0.287395,-0.69204,1.11585,0.0640276,0.103672,-1.29322,-1.159,-0.203434,-3.70921,1.76812,0.394116,-2.02878,1.0484,-0.95111
0.00766018,-1.02478,0.165508,-0.317758,1.10901,2.08917,-0.284456,0.799951,0.297067,-0.426344,-1.89013,-1.12189,-0.134769,-1.26847,2.8228,-0.571978,1.09845,-0.362929
-9.84559,-4.12412,-2.53093,0.649922,-0.531572,-4.51139,-3.3592,-2.99676,-0.902203,-4.65121,1.05683,-3.71083,-5.7071,1.20142,0.650833,1.01978,-7.84618,-1.96136
-1.53368,1.28022,0.638757,-1.37742,2.06595,1.73293,-2.17731,0.619005,-0.727378,-0.213386,-2.92449,-0.837245,1.9071,0.180609,0.0324105,-0.549912,2.96421,0.51296
-2.04755,0.759913,-0.111057,1.36891,1.532,-1.05213,0.0867313,1.53341,-1.02402,0.946072,1.03385,-1.5013,-0.776574,-0.60293,-2.17316,-0.133366,2.8414,0.634877
-1.07642,1.77929,-1.94546,0.545732,-0.166507,3.6452,-1.00809,2.399,-1.95544,2.01393,-1.10434,-0.835779,0.806483,1.50624,0.223212,2.03046,0.998354,1.08231
3.2205,-0.880856,-2.54582,1.50295,0.968843,-1.60805,0.82162,1.10965,0.689107,-3.73397,-1.02609,0.857018,-0.689475,-0.0544451,-0.311625,-1.27613,0.111177,-1.20889
-0.197088,-1.26307,-2.94512,0.200324,0.40284,0.735191,-2.1576,-1.35282,-0.700583,0.957336,0.767022,1.01682,-1.13962,-1.57774,0.78689,-1.23347,-0.418072,1.02377
0.41438,-1.88696,-0.802211,0.100101,0.360086,2.53814,0.811304,-2.33857,-0.765556,1.3708,-1.4022,1.01035,-1.21292,0.105715,0.561083,2.0878,-1.28417,4.55925
-0.495712,1.13743,-1.27852,-1.14231,0.790094,2.07153,-0.957488,-1.41823,-1.38136,-0.919061,-2.16919,1.8438,-1.23218,-1.68529,0.852016,-0.694722,0.81365,2.04941
1.89972,-0.0203899,1.53248,1.07205,0.912412,-1.3257,-0.730614,-0.763879,0.0629297,-0.72628,0.796536,1.76955,-0.114871,4.3556,-0.905545,-0.368664,0.856685,2.23594
-1.77203,-0.753932,0.375622,1.17512,-1.18345,2.76367,1.00262,-0.773796,-2.01495,0.284791,-0.560439,0.901273,0.481738,-0.385452,0.117375,-0.927213,-1.09695,-0.712147
-2.34902,-1.22206,-3.43934,1.22007,-1.59704,0.0845368,-1.72814,-1.03579,-0.893277,0.991913,-2.47963,1.00626,-2.58394,-1.73369,-1.48766,-0.959075,-3.15605,0.141419
-1.17345,0.960326,-1.32905,1.93384,3.65514,-2.13776,0.199256,-1.57469,-0.367834,-0.394055,-1.7774,-0.321115,-0.988718,-1.87124,-1.08988,-2.07715,2.58108,-1.38032
0.725185,-2.21469,-0.130985,0.439223,-2.68792,1.01056,0.177224,-0.0829118,-1.19141,-0.929319,-0.127354,-0.797749,-1.47258,-0.760825,1.10907,-1.78936,-0.142308,-4.50151
-1.97083,-2.87722,0.178503,0.729728,1.42101,-0.406812,-2.23484,-0.289014,-1.95013,-1.93613,1.64875,0.69457,0.526994,-0.960113,-1.63271,-0.101749,2.25633,-2.11273
-0.137822,-0.994812,-0.374373,1.55416,1.53661,1.47615,-1.43952,-1.17106,-1.93371,0.261055,-0.683431,-1.47871,0.00149572,0.488966,-1.45466,-0.128483,-1.49186,-0.988982
1.09464,-0.773529,-1.93041,-1.47725,-0.867821,1.15338,1.05335,-1.03479,-2.2069,-2.44541,0.0313122,2.23971,0.464705,0.323893,-0.966395,2.09201,0.0325288,-0.55507
1.00983,-3.13086,-0.689233,-0.267162,-0.588245,-0.766381,-0.527693,-1.17777,-0.75399,1.53814,-0.0298203,-0.904052,-2.34574,0.611835,-1.15201,0.732385,0.227515,1.14694
-2.95282,1.47932,0.318979,4.80973,-0.865963,2.33118,-0.934815,0.440931,-1.71895,-1.35344,-0.362529,-0.506912,-1.82449,0.847132,1.56029,-0.902769,2.23621,-1.77117
-1.22547,-0.689383,1.15217,-1.84048,-1.33464,0.966949,0.878324,-3.11969,-1.4116,-2.21342,0.246895,-0.828364,-1.79989,-0.578051,-0.706748,-1.12403,0.739342,0.494644
-1.87155,-1.59412,-2.10983,-3.23441,-7.91433,1.90579,-7.92097,1.1185,-6.65283,-22.9217,-9.61501,-15.7649,-8.12155,-9.21405,-7.30418,-9.0553,-2.89406,-8.60625
1.87726,0.1713,1.60646,-0.959565,2.49268,0.906031,0.449263,0.205265,0.74172,-0.717063,0.749416,0.522665,0.568776,-1.59829,1.41493,1.21683,-0.740079,2.38435
0.529675,-0.238346,1.85885,0.527329,2.73464,0.0180359,-3.4076,-0.379803,1.88625,-1.06034,-1.37452,-0.344066,-1.82421,0.556718,0.432843,0.0522207,0.244058,0.993594
0.785119,-2.07663,-0.839657,0.53777,-0.137304,-0.111117,0.303079,0.207007,2.53316,1.45598,0.881436,1.23706,-1.32508,2.85009,0.291756,1.35587,-1.19037,-1.75112
-3.7495,1.78685,-0.0923485,-0.751855,0.512467,0.428048,1.81885,-2.00458,-0.638598,0.846216,1.76748,0.459301,0.389844,-0.54915,2.10199,-2.89233,-0.0408951,1.803
-0.253853,-0.367748,-0.543839,2.25798,-1.77743,0.656911,-1.5995,-0.688105,-0.626912,-1.13343,-0.639241,-0.0718406,3.39448,1.30304,-1.79922,2.15451,-0.0134891,3.1413
0.551134,2.69998,1.33429,-0.384876,-2.21269,1.68416,1.53032,0.0871005,1.36921,0.16129,-0.596972,-0.684835,-0.405347,-1.97092,0.98349,-1.74239,0.122837,1.46681
1.13898,-1.90624,-2.1547,-0.281289,-0.514606,1.8053,-0.951324,-2.31611,-2.15869,-0.392377,1.3242,-0.396737,-0.616502,0.721243,1.33405,-1.83206,1.11478,-1.86804
1.98108,-2.27783,2.85967,-0.816643,-3.03449,-0.962953,-1.8214,1.13609,1.81017,-0.688617,0.874146,-2.21912,-0.641412,2.30637,0.858881,1.92322,0.304911,-2.18754
2.15219,-1.12616,-3.81543,-0.927793,1.20502,-0.0483713,-1.43416,-1.51381,1.54561,-1.42219,-0.44734,-1.51096,0.219184,0.154179,1.12134,-0.505326,2.83564,-1.25327
-1.97201,-2.21252,-2.47905,-1.21354,0.544908,-0.0176696,1.14972,-1.66027,-2.12937,1.4077,0.897636,-2.2931,-1.39805,0.5356,1.65148,0.0574667,0.00787087,-0.192784
-1.34453,0.590198,-1.14761,0.818171,1.50453,-0.00412045,-2.2659,-0.798704,-1.73461,-2.63565,-0.343764,1.21482,-1.12976,-2.99816,-0.525925,0.0810535,0.398843,1.76833
1.30321,-0.647697,-2.78075,-1.37269,0.876052,1.94983,-1.72917,0.487076,-1.24229,1.89782,-1.42232,-1.45799,0.309493,-1.44298,-0.983122,-2.36271,1.67278,0.792358
-0.310282,-0.15778,1.59319,1.96478,1.67876,0.412458,1.78615,-1.32469,-0.0196235,0.102787,0.960111,0.317514,-1.74865,1.99438,0.921657,-0.700673,-2.16614,2.72427
0.355336,0.690118,2.51613,0.84051,1.28312,1.35063,2.23334,-1.86883,1.82226,-1.05444,-0.553421,2.08343,-1.80236,-0.561846,-1.35032,-0.985809,-2.73464,-1.98929
1.17856,-2.29261,-1.09375,-0.309488,0.996917,0.269265,-0.0292366,-1.54668,0.26548,0.350079,3.17649,-1.56323,-2.20435,0.364452,-1.06305,0.137643,-1.43236,-2.13959
-0.618488,-0.212382,-1.232,-2.27805,1.18475,0.316935,-1.61269,0.49528,-0.498551,-0.690056,-0.283578,0.0298476,-0.608143,-1.69176,1.37171,1.51189,-1.00888,0.134618
-1.02051,0.657734,0.743889,-0.367198,1.25413,1.71673,-2.88085,0.913024,0.36674,-0.23917,-2.51561,0.279306,1.90576,1.24263,2.67732,0.556871,1.61122,0.594684
-0.901639,0.443826,1.55544,-0.0325021,-1.97154,2.19776,3.4565,-2.21073,-0.300058,-0.918853,1.05844,-0.585319,-2.76175,1.75441,-0.507829,0.970188,2.38646,-1.31504
-0.26429,2.01459,-3.89274,-1.32645,-2.19923,0.378978,-14.5317,-4.86419,-3.79457,-8.99878,-9.64591,-3.9521,-0.110418,-0.104128,-7.71132,-4.11037,0.702291,-0.429279
-0.107791,-1.63323,-2.20547,1.44316,2.20136,2.60451,-1.02398,1.52589,-0.314188,0.608295,0.990871,-0.123596,-0.608386,-1.99728,-0.749255,-0.226633,0.683276,1.43794
2.33409,-0.37321,1.70599,-0.42277,-2.11805,1.49449,0.0676296,0.123813,2.87918,0.542928,-0.0737976,2.09806,0.505025,-0.160527,-0.331462,2.25721,2.14194,0.053957
1.17856,0.100802,0.497207,-0.916532,0.554949,-1.45861,-2.25025,-0.609303,-0.415326,-0.281285,-1.7593,1.06649,0.682638,0.92276,2.1113,-2.86402,-0.485427,2.4846
-1.4178,-0.728328,0.397045,0.149387,0.853293,-2.76867,0.0673546,2.33186,0.564166,2.55297,1.02915,0.0239572,1.69567,0.148564,1.48613,-0.941862,2.05344,0.109738
-0.325572,-0.328715,-2.11329,-2.1778,2.83792,-2.28733,-2.73657,0.599475,2.22538,0.752403,-0.906922,-0.659383,0.812037,0.111942,0.945433,0.751297,2.44051,2.36097
-1.08969,1.08872,0.0115057,-2.09159,0.566911,-0.317667,0.432046,-0.212195,0.947783,-2.77776,0.596149,2.0821,1.33494,-1.19773,-2.60912,0.868526,-1.26695,-2.21875
0.194982,-1.4142,-0.0140083,1.31774,0.285257,-2.0716,-2.19303,-1.04748,0.66002,-1.65483,-0.953002,-0.367077,-1.26054,2.06962,2.00558,0.612903,-4.90469,-0.766322
-0.508587,1.13291,2.93687,0.0517895,1.33555,-0.841303,0.24073,2.05442,-2.17307,1.08313,1.25553,0.571377,-1.72109,-0.10773,-2.72551,1.65963,-1.13053,0.934111
-1.46574,1.87286,-2.11763,-0.578022,2.01996,1.82391,1.536,-1.45212,-0.242256,1.75759,-0.11215,-0.54268,-0.224128,0.463484,-1.81781,0.0448927,1.18155,1.73733
-1.75942,0.908325,0.0240794,1.66908,0.25901,-0.516367,1.17911,1.35231,1.9349,-0.770954,2.2061,0.590441,-0.89529,-1.60158,0.847713,1.07547,0.717765,-0.252449
-0.370764,2.69921,0.0411087,-1.36201,0.600207,-0.317271,-1.09604,-0.679272,2.1952,-0.957274,0.373941,1.28065,0.904019,1.07956,-2.97159,-1.41566,2.33116,0.0396124
0.282024,1.63036,0.218575,-3.66183,-1.36397,-0.312418,0.646873,1.19693,0.455767,-2.03906,2.05976,0.0692162,-1.26757,-1.38786,1.14036,2.36271,-0.716361,0.161504
0.860011,-0.289072,-1.81981,-1.90499,-2.72564,-1.64449,-0.294137,1.02652,-1.00229,-0.818047,0.363232,0.275462,1.46583,1.51186,-1.14048,-1.13162,1.05088,2.02921
-0.234687,-1.99926,-3.80022,0.869349,-0.404336,-1.08527,-1.33027,-3.60626,-0.748197,-0.637194,-1.66961,-0.104129,-0.48967,0.697347,-1.13379,-0.0503862,2.36878,-0.616411
1.21152,-0.859889,-1.17127,0.852411,-1.27189,-1.275,0.488357,1.08292,2.94919,0.604876,-0.831663,2.06763,-0.689871,-1.37846,-0.305433,1.06199,1.00699,-0.38838
0.924955,-1.73644,-1.61186,0.592549,1.29777,0.764064,-1.77874,0.292002,2.42567,0.313304,1.07602,1.21764,1.30659,-0.466414,-2.35426,1.00928,-1.66811,-1.94214
2.08676,1.43919,0.135624,-1.65258,-2.31745,3.26224,2.36286,3.57604,-1.49599,2.06354,3.67662,-2.97393,0.598619,0.18629,-3.58349,-0.178288,-0.779164,-1.63671
1.96039,1.5713,-2.50731,-1.72588,-1.01288,0.808615,1.9613,0.12006,-1.74855,3.02927,-0.136354,0.0249647,0.960082,-1.57612,-1.36735,-0.10773,0.582206,-0.86935
-1.8332,1.21668,-5.435,1.64397,0.0961984,-2.90399,-10.0622,-1.75194,-1.09775,0.229499,1.17388,-1.38326,-3.42789,-13.604,-2.87637,-0.766508,-1.21707,-0.593806
1.20951,-0.822901,1.8963,-2.26212,1.00711,-1.75872,1.62904,-1.87439,1.15848,0.406564,0.0867337,0.118534,-0.768796,0.767174,-0.735282,-0.767504,2.68941,-0.841636
-1.08304,1.41603,-1.97857,0.338481,1.45873,0.521439,2.52967,0.365706,1.15363,-1.74673,-1.22599,2.45986,0.230872,1.81481,0.344156,0.213355,-1.46895,-0.14124
1.02155,-2.20551,3.92938,2.49027,-1.78429,1.27803,-1.32182,0.282143,-0.862514,0.583147,-2.01544,0.265755,-0.582842,0.369854,-0.712698,-2.90329,0.568376,2.10934
-2.10553,-2.4402,0.595603,1.38044,-1.47688,-0.876915,-0.236976,2.12024,3.25852,-0.70174,-0.873555,-2.22101,0.964201,0.153145,-0.535145,0.580431,1.55486,-0.389081
-0.548238,-1.40849,1.16476,1.72683,-2.00513,1.41416,-3.90344,-0.437824,-0.572924,-3.40623,1.51357,0.795129,1.37553,1.77005,-1.28843,0.898801,0.848317,-0.363046
-0.786584,0.599264,0.210455,1.32081,-0.924285,3.42793,2.59499,-0.626607,-1.0961,-0.461067,1.31465,-2.35805,-2.536,1.37441,-0.543168,2.04141,1.55721,-2.30989
-2.08072,2.09381,-0.697837,-1.10727,0.483566,-0.326848,-1.24259,1.51491,-2.38768,0.907163,0.181313,0.331492,1.6856,-0.0777565,1.91968,1.77944,-2.75735,-0.446791
-3.09882,-1.23564,-1.36653,-0.94821,-1.23624,1.42076,2.08074,-0.822961,-1.46046,0.300486,0.494522,0.405523,0.5753,-0.916502,-1.36299,-1.3557,1.421,0.322524
-0.00258624,-3.24526,-0.520188,1.45448,-1.45912,-0.918729,0.966366,0.860195,-1.9057,-0.795403,2.31125,0.924405,-1.04401,-0.991485,2.24333,-0.268594,-1.35783,-2.1311
-0.82681,0.0472731,-0.850886,0.333751,-1.17863,-0.277926,-0.0367743,-1.76806,-1.99292,0.945066,0.0651263,0.803705,-0.406811,-1.10303,-0.0654012,0.873189,0.378857,2.29536
-1.52407,1.43061,1.92721,-0.361919,-1.91964,-1.9166,2.11631,1.01181,-1.9317,2.82394,1.49132,-0.766322,0.772057,1.71538,-0.708793,-0.597918,0.622944,0.395458
-2.34477,0.950345,-1.31581,-1.4839,-1.6336,0.547075,0.136908,-3.31752,0.763179,0.156008,1.61898,-2.61653,0.259679,1.13163,2.37745,0.909385,1.11084,-0.82852
1.22272,-1.11847,0.180487,0.529863,0.720146,-1.3,0.11316,0.480791,-0.113559,0.568926,2.56814,1.54353,-1.45204,-0.572771,1.0004,2.13632,0.444319,-0.746723
-0.361189,-0.71188,2.13916,1.2693,3.09067,0.958252,-0.634417,-0.294351,0.439771,-0.138249,1.80721,2.53108,1.37394,-2.90856,1.23365,0.414532,-2.43556,0.375988
-2.31385,-2.05051,0.215216,1.80473,1.58297,-0.816551,1.47527,0.452346,-1.69607,0.83053,-0.466689,-2.96363,-0.195166,-0.304452,-0.70052,-0.528581,-1.82659,-2.54808
-2.97055,-0.891873,-0.47026,-1.5631,1.74725,1.92425,-2.48351,-1.89215,-0.966341,0.232918,2.52345,-0.796473,-0.439802,-1.59309,0.977663,-0.0194097,-0.914792,1.05091
1.66565,-0.999817,-1.28504,-0.795739,-1.84033,0.191323,2.24906,0.660697,0.118042,1.71019,0.352217,2.86374,0.744163,-2.00013,-1.46605,2.02865,-0.303718,1.9899
-0.287881,2.37062,1.16205,1.35295,-1.41078,-2.52596,-1.5949,1.91621,-1.42967,-2.40703,-0.685263,1.04978,0.643331,-1.62984,-0.44627,0.69243,-0.447554,2.70045
-7.66816,-2.51641,-5.67852,-2.28295,-9.11299,-0.28135,-3.49207,-7.59153,-5.13645,-3.62898,1.00119,-4.46062,1.45586,0.589621,-8.53486,-8.05949,0.531298,-3.97653
1.53508,-1.26829,0.936858,-2.52412,0.435438,-1.20447,0.0052488,1.11677,-1.7458,0.0346379,1.64885,0.570544,-0.114015,0.232734,0.738569,0.904203,1.07331,0.845976
1.30017,-1.02283,3.81732,1.54214,0.58504,-1.36159,0.274449,-0.388043,0.172307,1.60042,-0.532149,0.741996,-1.79259,0.65508,-2.41392,1.65789,0.186686,0.180944
0.893428,-0.429088,-0.553911,-2.14887,-4.46931,-0.360452,3.77883,-0.150641,-0.120152,-0.160863,-0.243475,-1.77251,-0.223883,-0.931615,-1.86901,-2.35573,-0.757378,1.21299
-1.71153,-2.31096,2.31264,2.18562,-0.436873,1.46511,-0.496413,-1.39463,1.49364,-1.50304,-0.655563,0.0701042,-0.113345,0.0221822,-2.19039,0.0501419,-1.61065,3.02783
0.512345,-0.0118104,-0.213075,0.857937,1.01672,1.63433,0.350414,2.44554,-0.310495,-1.36885,1.6658,1.04502,-0.194656,1.59935,-1.03132,1.26239,0.238102,-1.26801
0.61302,1.04007,-0.221503,-0.679617,0.490433,1.39891,-0.111423,-0.123965,-1.07981,-2.06467,0.916659,2.44472,-0.211126,0.482376,-0.108768,-0.859219,0.400159,-1.70922
-1.73763,-0.219274,1.96877,0.377789,-2.03883,-0.159459,1.48186,-2.24009,0.575364,-1.23758,2.39437,-0.338083,-1.04459,-0.44819,2.86641,-1.3852,-0.950287,0.198706
-1.02139,-1.6311,1.08289,-0.0228907,-1.21997,-2.14552,1.43827,0.512437,0.072631,1.46049,0.993988,-0.421398,-3.06827,0.666463,-2.08637,0.193243,-1.10715,-2.308
-0.107214,1.50932,0.843559,0.727073,-1.19694,-2.87267,0.209174,1.29966,-2.7828,-0.490214,-2.01453,1.39799,1.52724,-0.332989,0.209936,3.77049,1.42265,1.81671
-1.19364,1.18363,3.51754,-1.06708,-1.0553,1.42705,-0.778009,0.48662,-0.0614416,1.30589,0.946807,1.63252,0.691672,0.0250273,1.58422,-0.210365,2.11487,0.440352
2.74029,-0.35649,-2.53071,-1.03809,-2.3874,-1.9797,-1.73223,-1.64519,-0.397229,2.02451,-1.61871,0.125216,1.63073,-2.206,-0.833979,0.035524,0.0324749,0.588337
-0.664763,0.531419,-1.56679,1.66008,-0.923272,-1.83926,0.834437,1.6111,1.77261,1.99384,-0.170538,-1.55638,0.927305,3.14041,-0.713431,-2.1322,-0.314799,-0.795465
-0.508561,2.44291,-3.02417,-1.94406,-0.330332,2.65908,-0.933685,-0.572344,-3.09006,2.14875,-0.180883,0.344982,1.44121,-0.00952222,0.224494,0.195592,1.8764,-0.697505
-1.7647,-0.411664,-0.879789,0.908628,0.913233,-1.76739,-0.239356,-1.42418,2.71107,-1.50237,0.913418,-0.957518,-0.267769,1.56306,-1.50517,0.550674,-0.945708,0.406385
0.957733,0.137364,-2.59331,0.67006,1.51362,1.60982,0.149724,2.32341,-0.886377,1.11221,-0.023224,-0.663381,-3.45949,-1.18918,-0.0457772,0.436597,-0.322673,0.724571
-0.637358,-2.25929,0.967736,0.526596,-1.28059,-0.0907923,0.282418,-0.446058,0.706321,-2.93854,0.631555,-2.56973,2.55235,-0.00808709,-0.758568,-1.14066,-0.940247,-1.17204
1.28294,-1.66781,-2.73126,1.46897,0.23304,-1.04111,0.775108,1.463,2.5294,-1.02517,-2.00918,3.77426,-2.40089,1.44942,-0.362499,-1.39546,0.75753,-1.20371
1.63817,1.3971,2.84512,-0.760428,-2.27879,2.13477,0.784565,2.53658,-2.04053,3.72933,2.09837,-0.833338,-0.676625,1.59362,1.15687,0.216041,1.12216,-1.12409
0.432294,-0.138522,-11.2098,-3.27101,1.73172,-2.24049,0.581431,-12.1114,-1.97289,2.40236,-10.9014,1.17011,-0.0758075,-3.52855,-0.250893,-8.68323,-2.66002,-2.26781
0.06528,1.77218,3.02969,1.51198,-0.968446,2.19903,-0.602006,-1.38502,1.00647,-1.75475,-1.07715,-0.00701972,1.63601,-0.232429,-0.822905,-1.68795,-2.32673,1.76244
-2.73501,-1.69201,-2.09183,1.32749,1.20367,1.36647,-1.2982,0.169134,-2.6448,1.39025,-2.32722,0.924375,0.44756,2.02301,-1.32646,-0.0725782,-1.38896,0.211493
-1.2971,0.324503,1.10498,0.445052,-2.99562,1.70287,-0.81576,-2.93359,-0.484026,-0.705037,-0.259471,-0.583544,0.0712913,0.825252,0.530839,1.73414,2.31748,-0.618089
-0.210425,0.184759,1.55498,-0.12186,-0.276645,-2.37458,-0.240059,1.02887,1.50139,-2.11609,3.08857,0.0674158,1.86239,1.50756,-0.113498,-3.2733,-0.706504,-0.466109
-0.869081,-0.713641,0.122471,-0.0742214,-1.38441,0.645588,-1.32831,-0.302531,0.782677,2.55095,0.841028,-0.592788,-2.37647,-0.250619,0.174199,2.51127,-1.98651,0.87329
1.33903,-0.768306,0.210124,-1.01343,2.85345,0.699698,-2.1721,-2.56393,-0.0652474,-0.149787,-1.66369,-2.4904,-0.00836216,0.7828,-1.55849,-1.05979,0.58318,-1.99704
-3.17252,-0.115761,-1.9423,2.2262,2.54415,-0.22837,1.38612,1.65373,2.59968,-0.579485,-1.62853,-0.14658,-2.29797,-2.22462,1.7904,-0.345378,-0.289344,-0.576556
1.02969,-1.02283,-0.45439,-0.959718,1.22263,-0.852474,0.523453,-0.555135,-2.11755,3.31133,-1.35154,-1.23859,0.514146,1.39027,-0.448837,-2.15857,-2.2845,0.687728
-2.26637,0.736351,0.303514,-0.91629,1.09531,-1.77087,-0.449507,1.34367,-1.50978,-0.779505,-1.90127,0.314829,-0.615008,0.894375,0.0184635,1.01975,-0.844236,-0.943969
-0.146309,-0.369216,-2.09881,0.208991,0.32551,0.782952,-0.185309,1.60375,-0.967742,1.6347,-1.25227,-1.81683,1.16657,0.326945,-1.04512,0.84307,-1.03073,-1.68414
1.26252,-0.877285,-1.71083,2.02396,-1.31864,-0.0917389,2.77261,-0.168645,-0.0550249,-1.5591,1.8211,0.700705,3.86903,3.02093,0.441297,1.04035,2.2869,1.83328
0.858363,-0.486374,-1.2566,0.884305,-0.0940581,2.17615,2.24738,-1.39817,-0.613788,0.0292975,-0.328745,-1.82063,-1.49736,-0.9523,1.21018,1.27598,-2.47797,-0.959746
0.319468,-0.773065,-0.999512,-0.405591,-1.24189,-1.2512,-0.807795,-0.336863,2.01834,1.80725,1.67745,2.09561,0.651419,-1.01529,-0.497788,1.22013,-0.873166,0.122196
-0.538255,-4.5619,-0.277931,-0.194677,2.01962,-2.03586,-1.42854,0.49266,-1.95816,-0.582629,2.48644,-1.60585,1.66067,-0.0669569,-0.951079,2.20646,1.22214,2.57237
-0.354804,1.67425,2.61382,-1.79455,-1.26005,-2.0701,0.190099,-0.228277,1.23271,-3.54821,-0.470477,0.457441,-2.08454,-0.800958,3.19324,1.76238,-1.04553,1.00164
1.28978,0.181615,-1.4464,-3.62761,3.01614,1.93399,1.15147,-1.43407,-0.426256,1.65771,-0.496018,-3.70712,-0.92706,0.485336,-1.79205,0.215704,0.086368,-1.06632
1.72155,-0.241524,-0.307782,-1.21439,-2.25752,1.5916,-0.202064,0.916166,1.40278,1.45616,2.54847,1.48253,0.938107,-1.54693,1.0036,-2.19538,-0.195105,-0.117924
1.26796,-1.00924,0.582873,1.31248,0.118228,2.40169,-0.335486,2.1774,2.1583,0.196203,1.05982,-1.16588,-0.123905,-0.287424,-1.39097,-1.90762,-2.67042,-0.239083
-1.78277,-5.12725,-1.90209,-3.04599,-3.94017,-13.0986,-2.96689,-6.39305,-11.1538,-6.2532,-0.475326,-3.99825,2.65466,-15.8585,-7.98704,-0.899631,-1.1157,-0.0423149
1.72121,-1.97812,-0.0286876,-0.268746,-0.000450004,-1.1565,1.4963,-0.0669575,-1.40898,0.513016,1.47008,0.749413,1.03843,-2.3307,-1.7102,0.660604,-1.43104,-0.549333
1.97069,-1.73204,0.802022,0.961512,0.273538,-2.26957,-0.302836,-2.65666,-1.54466,0.874353,-0.27604,0.743374,-1.36625,-1.73986,0.686577,-0.857597,0.107085,-1.73837
1.17896,0.45268,0.827235,1.60622,-2.02192,-0.235298,2.19395,-1.25135,0.47574,-1.88271,-1.65743,0.722434,-1.13041,0.57384,-0.319009,1.15954,0.124424,0.998263
-0.94763,0.0147094,0.940489,0.120968,2.7485,1.28468,1.86734,-0.738918,1.66429,2.08285,-0.0740382,-0.0368047,4.19019,3.0704,0.82327,-0.79211,4.19902,-2.10554
-0.690725,3.32884,-0.0447972,0.643483,-2.16074,-0.19486,1.46391,1.54418,1.47994,-0.74218,0.397596,-0.26545,-2.51509,-0.314643,-1.25291,-0.817957,2.43861,-1.08557
1.7954,-2.25977,1.24681,1.58083,-0.503708,2.1792,-2.68251,0.814571,2.24354,0.190497,1.6191,-0.133515,-3.62837,1.64015,-0.200598,2.40028,0.0793138,1.37373
-0.372111,0.787316,-1.03546,-0.921622,-1.32014,1.68868,1.02145,-1.19288,0.836329,0.157417,0.117069,1.77966,1.91299,-1.07464,-1.14158,0.635823,-0.464919,1.18003
-0.456831,3.28195,-0.730702,1.62828,1.9739,-4.04621,0.982297,1.36418,0.935516,2.69964,1.65484,0.22444,0.267067,-1.7549,0.934815,-1.80273,0.556353,-0.271187
0.240668,-0.0617741,0.610364,0.953884,2.03784,-0.350444,0.672842,-0.0721152,-1.69308,-0.245247,1.82135,-0.98392,0.168889,-2.0921,-1.72609,2.32679,-0.877162,-3.15531
1.22261,0.726502,2.19809,0.741234,-3.87302,0.619587,0.871061,-1.36564,1.35313,-0.899383,0.54961,0.778193,-1.65224,1.5497,-1.26029,-2.5588,-0.249031,-0.937253
-1.41062,0.230989,2.06696,0.318002,0.018921,1.10602,-1.30158,-0.614277,0.882285,-0.136262,0.232216,-0.12619,1.54665,-0.97287,0.0212406,0.440657,-1.24329,0.0276505
-1.25196,1.12964,-0.396162,-1.69835,-2.00357,-0.725491,1.85003,-2.04315,-2.38707,-0.841702,-2.7496,0.227393,0.372906,2.01682,-0.849513,-1.69597,-1.7047,1.4055
0.337351,1.60225,0.282052,-1.60726,1.63087,-1.67663,1.04801,3.37774,-1.48985,1.6368,-1.15699,-0.385052,0.682033,3.27064,-0.592026,1.02206,2.81131,-2.4491
-0.28449,-0.244209,1.05564,-0.473403,1.95301,-0.596333,2.4095,0.840754,-0.0977811,-1.56523,-1.27961,0.572588,1.86728,-0.271248,0.187231,1.72945,-2.4452,0.625171
-0.790127,0.925015,0.47087,1.1102,-0.13425,-2.54606,1.24567,1.12473,-0.953306,1.86407,-0.36961,0.101722,-3.08295,-0.344523,1.32701,-1.08427,-0.163,-0.981013
-2.91968,2.53551,-2.65343,1.27574,2.98055,-1.57622,0.548176,2.73824,0.00628643,-1.63545,-1.99362,0.221381,0.423907,-0.396649,-1.00925,0.00888093,-1.83691,0.632587
0.19657,2.44273,-0.567005,0.613511,0.465041,-0.191229,1.42982,1.82745,-1.00851,-0.620165,0.303964,2.11313,-0.0602675,-2.8002,-1.7871,-1.49165,1.65978,0.124393
-0.555284,1.8699,-0.206702,-1.8247,-0.78347,1.30549,-1.43419,-0.860256,-0.32606,-0.391491,2.70266,-0.190007,1.72525,3.16782,-1.68887,0.087284,-1.09036,1.27324
-5.6978,-9.15428,-1.95283,-5.19923,-0.751749,-0.545793,-1.04187,-6.84854,-4.24464,-5.53004,0.109077,-9.84127,0.534379,-0.345319,-0.172671,-1.79518,-0.523271,-1.04215
2.8685,-0.164829,1.1811,1.3343,1.33957,-0.221808,0.559618,-0.194495,0.415631,0.967773,-1.44701,-0.526169,-2.31227,-1.23011,1.58892,-1.97013,-3.12026,-0.349345
1.87561,1.44941,3.81939,-0.339918,-0.577868,-0.25486,-0.343761,0.0618307,-0.65807,-2.48335,1.00906,-1.66336,1.44591,-0.872463,1.89672,1.29636,2.03748,-0.835231
-1.18625,-2.30094,0.300329,-0.187231,-0.591357,2.01221,1.28544,-0.786434,0.642136,-1.64143,1.63738,0.673055,1.05094,2.10945,-0.703817,-1.82003,2.35407,-0.196663
-0.568344,0.822142,1.43703,1.88412,0.0758429,1.38692,-0.875485,-2.79422,1.54124,-2.23673,1.15146,-0.552965,-1.07403,-1.25987,-3.05972,0.354197,1.24107,-2.48039
0.91345,-0.597851,1.01037,0.978213,-2.19373,0.685171,0.0305464,-0.756615,0.595692,-0.605825,-1.567,1.15518,0.625101,-1.009,0.887053,-1.53956,-1.74614,-1.4474
-2.2444,-0.895229,0.486343,-0.334025,0.302103,-0.2757,0.51796,-0.32667,-1.4319,-0.787743,-0.00418135,0.599075,-1.65599,-0.102298,0.3184,-1.22199,-0.730583,-1.44661
0.609577,-1.04019,0.267892,2.65762,0.731158,-0.65572,-0.37611,-0.738854,0.360454,-2.17545,-2.67572,-0.590136,2.34132,0.339183,-0.685908,1.12833,0.63701,0.675955
-1.1572,0.561479,0.378155,0.0144971,-0.0897857,-3.67623,-1.75213,1.10891,2.29106,-0.0784024,-0.743583,1.43712,0.557144,3.93346,3.13901,0.350322,2.0975,1.16624
-2.04193,-1.18287,2.03851,-2.11978,1.83205,2.64251,-1.56172,-1.92321,1.84189,-2.82921,-0.818567,1.75784,-0.678213,2.31672,-0.136357,0.455642,0.384747,0.754754
-0.396444,1.34348,-1.62782,0.452071,3.05924,0.956698,0.0371718,0.232002,1.74276,-1.23701,0.733604,-0.940096,3.27863,-1.49794,-0.504959,-0.242874,1.25764,0.218912
0.120454,-3.26908,1.44377,-0.272447,0.0800198,-3.12585,-0.208773,-1.03928,1.40916,1.96141,-0.430738,3.05535,-0.405163,-1.05197,0.0675985,-1.1439,1.64681,0.268563
-0.0237128,-3.0929,0.325632,-2.4951,-2.16827,-0.635636,2.14329,-0.114409,0.699946,0.701041,2.61861,1.26274,-0.711204,0.657246,-1.86962,-0.13599,0.369183,1.3943
-0.583397,-0.501137,-2.69332,1.10639,0.921014,-0.433032,-0.94244,0.858607,0.724907,-1.52336,0.545639,0.725304,-1.38527,0.0241098,1.51371,-1.69439,0.0553,2.30775
1.09751,-1.87411,-0.0172427,0.547166,0.189489,2.20991,0.676202,1.43473,0.543474,2.01685,-1.74232,2.2473,-0.956781,-0.657674,-1.09396,-2.66314,-2.65078,-0.743702
1.46162,0.667684,0.312325,0.0711689,0.446063,0.356456,-1.17811,-3.29735,0.023897,-1.04798,0.334147,-2.32215,0.627216,-0.984495,0.976894,0.185342,-0.992522,0.209663
-0.728904,-3.6375,0.558946,0.317393,0.886462,0.403027,-0.471086,-0.931025,0.685507,-3.00925,2.50911,0.279,-0.810266,-0.097751,0.865715,1.14792,0.324837,-0.884426
0.867336,0.426285,0.156075,2.15388,1.52104,-2.42675,1.47102,2.77526,1.62991,0.973906,-3.01394,0.433794,0.872128,-1.57201,2.68065,-0.73965,-0.348276,-1.18662
-1.52391,0.344127,2.25422,0.0621657,-0.661,0.803917,-2.64552,-0.784572,-0.241036,-1.95166,-1.90003,3.37297,3.24378,-0.762661,-0.164128,-1.45518,0.697408,1.42002
-0.387798,0.948241,0.815363,-7.39093,-7.19451,-9.20366,-0.225936,-0.400133,-2.88406,-1.47651,-16.294,-1.56309,-4.28566,-3.43019,-6.52602,-3.72159,0.267403,-4.18705
0.510207,0.995698,0.888329,-0.762383,0.734431,2.02377,1.02469,1.74389,-1.85223,0.234261,-0.481611,-1.66335,-2.51732,1.13431,1.89798,0.822418,-1.14994,1.58843
2.08484,-0.593646,2.01679,-0.16773,-1.38679,0.116062,-3.22233,-3.29723,0.932097,1.35783,-0.268441,-1.24876,-4.61716,0.65444,-1.5494,-2.14936,-0.216315,1.21457
-0.275433,2.34044,-0.415052,-1.85,1.20948,1.03824,-0.273629,-1.47322,0.416821,-2.1301,-0.274727,1.16697,-2.48952,-0.429149,-0.191194,2.01342,3.62074,-0.538648
-1.11179,-0.67156,1.75747,-1.44782,-1.8934,2.01926,0.498731,3.11662,1.9187,-1.10831,-1.79577,-1.63366,2.30701,0.544785,-0.350749,-0.468988,-1.79339,-2.18565
-2.83996,-0.260384,-1.66534,-2.41161,0.446943,-0.666342,1.72729,1.99173,0.322947,-1.81002,-0.422132,-0.431314,1.20194,-1.17139,2.73964,-0.4073,1.84704,1.52456
1.4272,-0.654256,-1.83679,-0.924558,0.565661,-1.35832,0.867672,-2.42031,0.684072,-1.04426,0.15955,-1.52522,0.66921,-0.11151,-1.17908,0.658895,2.47078,-2.507
-0.25544,-1.75279,-0.686671,-2.04391,3.00831,1.71014,-0.679435,0.439255,-1.31031,0.0294234,0.598652,0.512036,-0.903437,1.33854,-1.16492,1.94394,3.3784,2.18805
-2.36627,1.20316,0.710165,-1.57646,-0.218909,0.164434,2.68812,-0.24299,0.790183,-1.04096,1.39031,-0.70498,-1.53538,-1.72249,-2.36637,-0.393017,1.77703,1.36216
0.120792,1.94635,-0.541126,1.84109,1.57292,-1.08139,0.72384,2.3,-3.04874,-2.46273,0.357311,-1.23963,1.52318,2.18338,1.95281,-1.33876,-2.13166,-0.392346
1.38249,-1.8038,-0.733052,2.71786,2.33681,-1.25983,1.15494,1.0192,-2.87338,0.425184,-0.775964,0.442854,0.0546586,0.144992,0.816919,-1.60891,-0.828883,0.254952
1.76095,0.220584,1.25813,-0.978271,0.271859,-0.408612,1.30705,-1.82037,1.63606,-1.26188,-2.48335,-0.803308,-1.1678,-2.09788,-0.266182,0.0299692,1.59914,0.886986
2.56709,-2.41856,1.39976,-0.497452,1.30921,0.759331,0.57683,1.66466,2.40986,-0.705588,1.54894,0.0807524,2.74539,0.0507214,-2.74023,-1.85357,-0.0289625,0.591754
-0.621937,0.780321,-4.10932,1.85647,-2.15046,1.63247,0.308542,-1.12314,-1.2845,-0.0321403,0.614029,0.0949125,-2.06653,1.39244,-1.79256,1.26328,0.0829184,-1.30785
0.114078,-1.71929,0.260201,-0.579241,0.72628,-0.160222,-1.36396,1.01359,1.09353,0.0628378,-1.55821,0.321481,-1.68524,-0.282967,0.278664,2.12509,0.154575,-1.37114
-1.26981,1.09946,-0.715873,0.683218,1.76077,0.620681,1.28446,0.868038,-1.41294,2.52608,0.454452,-1.47319,1.52782,0.535866,-0.0233771,2.03497,-0.146916,0.286478
-1.69482,-2.55473,0.385143,-1.74313,-0.907253,-0.743006,-1.4376,-2.41148,0.587966,1.68685,1.03125,0.283146,4.02261,0.348154,0.01532,-0.458449,-1.66401,0.644485
0.547327,2.37568,-0.594075,0.149266,0.0418105,-0.576861,0.169073,1.64687,-2.41215,0.0315251,-1.28877,1.62779,2.27602,-0.577842,1.80251,-2.59622,-2.89805,3.12738
2.15812,1.55251,-1.74666,0.580008,-1.68835,0.0596023,1.35102,-3.52868,0.980431,-3.16086,-2.02283,-0.884731,2.58996,-2.15561,2.39482,2.05161,-1.06485,1.18354
-2.91427,-10.4955,0.0425118,-3.47204,-6.54376,-9.66877,-2.93797,-0.17197,0.0840996,1.15669,-4.72047,-0.394325,-8.24517,-3.98863,0.852688,-6.10536,-0.157354,-10.9606
1.29042,-0.0424511,1.47674,1.20136,-1.39402,-0.29014,1.97543,2.63247,1.33088,0.165593,-0.139629,-1.16575,-0.649678,1.64949,0.811272,0.381085,0.302927,-1.98498
1.29271,-0.258462,0.48207,-1.0727,1.58993,-1.60967,-0.269112,-1.52269,-0.967192,-0.654866,-0.440837,-2.48689,0.720084,-1.36064,0.00732445,-3.10818,-1.50968,2.35777
2.39802,-0.567278,-1.08426,-2.32002,-0.93258,-1.66424,1.76443,-0.761899,-2.36039,-0.321849,-0.810327,1.96616,-0.248822,-0.717245,1.84146,1.30992,-1.67013,1.56908
0.65035,-1.66763,-1.80468,3.02744,0.340953,1.32817,-0.242253,-3.68027,-0.388623,-2.07864,0.937552,-0.0601831,0.78457,-2.06516,1.46855,1.95361,-1.21644,1.19052
0.346782,0.370189,-1.58354,0.894497,1.29841,0.0344549,1.85467,0.0302438,1.77327,-0.125522,3.65496,-0.900969,1.05664,1.53649,1.86059,-0.572923,0.261208,0.80398
-2.27854,1.93927,0.630726,2.39796,-2.91626,1.26316,-1.59532,0.91522,-0.507767,-2.37724,-1.81741,-2.98471,1.48442,1.33076,0.598101,1.6361,-2.04746,0.535384
-0.35255,-2.12135,-1.23115,1.75167,-0.228945,-1.89376,1.03214,0.889828,-1.33374,-0.707358,-0.382061,-1.08127,1.4445,0.907435,-1.90424,3.25914,2.18228,2.98319
-1.2248,-1.51915,-0.952174,-0.274702,-0.434643,-0.752584,-1.26841,-0.831966,-0.230109,-1.45024,-0.752251,-0.286569,1.99725,1.75164,-1.4373,-0.361157,0.189729,0.633503
0.349808,0.646565,1.2248,0.0252693,0.596149,-1.2407,0.632191,2.8805,2.3708,0.362014,1.33195,-1.62242,-0.0847784,-0.363414,-0.0356148,-0.641041,2.99835,0.325663
-1.07028,0.826134,-1.42412,0.363689,2.12391,-1.78231,-2.02585,-1.44962,2.70736,-1.07794,-1.1005,-3.29655,1.95339,-1.09943,-0.92395,-1.24546,-1.30327,-1.2692
0.920378,0.657061,0.302626,0.47511,0.535997,1.3553,0.240308,0.380047,2.30399,2.30421,1.49858,0.340465,0.860195,-0.70852,-0.0959498,2.43598,-0.149825,-1.28416
2.73992,-0.626484,-0.494122,-2.14017,-0.793298,0.678061,0.251199,-0.220832,1.32756,2.2935,-0.831751,-0.710165,-1.64986,0.401929,-2.6487,-1.47124,1.02213,-1.21961
1.77935,-2.94799,1.80728,1.4367,0.853455,1.23389,1.33274,-1.00342,-0.916224,-0.406908,1.05588,-0.892549,-0.670217,-0.0420232,2.86004,-1.91119,-1.02774,-2.10566
-2.07575,-0.390332,2.45588,-1.78789,-0.305853,2.61642,-2.21193,-0.743157,-1.54014,-2.17829,-1.01263,0.250679,0.892968,1.53264,0.741569,-1.96246,-1.57375,1.32054
0.372052,-3.4399,0.178377,1.40239,-1.64367,-0.779504,-0.433912,-0.470138,0.890526,-0.0522478,-1.14766,1.82763,1.78952,0.689236,-0.734275,-0.134922,-2.47447,-1.38743
2.96304,-1.86172,-0.847377,1.69603,1.80554,0.97055,-0.213843,3.38426,1.08909,-0.754971,2.08359,0.781579,0.676018,1.37446,0.405224,-2.36628,-0.846673,2.42003
-2.06906,-1.64791,0.253701,0.458483,1.30497,-1.82315,-3.54253,-0.91052,1.29117,0.0331134,0.0752586,-1.5338,0.0707112,-1.44184,-1.01593,0.207251,0.133557,0.23454
0.087283,-2.58199,-0.69686,-1.05473,2.24754,0.63863,-3.10495,-0.541918,-1.52763,-5.58358,0.751457,1.32328,2.59972,-2.33314,-2.23548,-2.47419,1.43575,1.74908
-0.533036,-10.1091,-4.75748,-1.2314,-2.48998,-3.83495,-5.18094,-7.57351,0.413495,-8.52667,-1.67625,-18.9323,0.402542,-5.97636,-4.89718,-2.77358,-12.6254,-9.44044
-1.04023,-0.275743,2.14079,-1.74358,1.6126,-1.51882,-0.355391,1.58433,0.0593579,1.0185,-1.09876,-2.07931,0.0928407,-0.540971,1.8966,-0.939541,-0.65395,-0.471267
0.672872,0.0106205,1.8222,0.618885,2.68337,-1.47429,-1.59654,1.68914,0.386918,-1.46745,-0.67391,-0.977231,0.54457,-2.5222,0.500505,1.05002,-2.89553,-0.374493
1.55944,0.411115,0.121065,-0.351389,3.11399,-1.07904,0.7687,-2.12873,-0.903775,-0.583973,-2.23804,0.301279,-0.388404,3.02551,-1.72875,2.32688,0.444963,-0.971587
1.04898,0.692038,-1.38905,0.76492,-1.81796,-1.64,1.37459,-1.98983,-1.25251,2.67217,1.34126,1.07336,-2.70577,0.931669,-2.1508,-0.155797,0.825371,1.48992
0.792138,0.54561,-0.934477,0.514664,-2.29085,0.23215,-1.81679,1.91601,-0.929594,-1.52415,-1.22401,-2.25685,1.05774,0.978489,1.68017,0.357036,2.38527,-2.68856
-1.55968,0.769249,1.62144,0.55168,-2.1146,3.40816,1.17282,2.24162,0.250777,-1.92337,1.55666,1.52223,-2.5539,-1.39396,-2.01548,-1.98892,2.30494,1.58961
0.0150488,0.800378,-1.78414,2.23359,0.87521,1.0542,2.0148,0.499527,-4.06183,-0.358318,-0.890835,0.370067,1.23007,2.82584,0.193124,0.737084,2.32017,-2.04658
-1.79242,-0.113406,-1.20845,-0.367931,2.32576,0.258373,-0.940275,1.75619,-0.290384,-1.49663,2.03083,-0.959076,0.164008,0.503063,-0.351153,0.576525,-0.899601,-0.181738
-0.0727538,-0.266243,-0.7398,0.0725993,0.141301,-0.827788,-1.7069,0.327281,-0.139348,1.53588,1.02533,-2.55038,-1.56072,-1.83962,-1.75854,-0.415296,-0.622085,1.45091
-0.020448,1.67178,0.427136,-1.55288,1.46196,-0.403757,0.321726,-0.266976,-2.85238,-1.33134,0.365978,-0.182254,0.624648,0.538986,1.01831,2.77213,3.4796,1.30421
3.23478,-3.45924,1.7442,-0.877927,0.0746522,2.01831,3.09256,2.29423,-0.738515,-2.61577,0.187784,0.667074,1.82571,0.926244,1.11353,1.94251,0.764214,-0.11035
2.98652,-0.64113,0.780999,-1.76616,0.389603,2.68444,2.02768,-2.40836,0.420903,1.11884,-2.80139,0.599292,2.32148,1.18723,-1.46098,1.05283,-0.255498,-0.291146
-0.69939,0.823905,0.811729,1.77144,1.04209,1.9331,0.161809,-0.456185,-0.734214,1.44994,-0.567834,2.17582,2.04078,-2.0816,-1.29335,-0.212685,-0.428022,2.05359
0.44047,-0.309489,-1.8414,-2.17957,0.872403,0.323313,-2.305,0.815692,1.68169,1.79156,2.70024,-1.2859,0.579974,-1.1662,0.026981,-0.202156,-2.6791,0.554796
1.15671,-0.115635,-0.589556,-1.14124,1.42513,1.99042,0.245369,2.30216,-0.385144,2.08888,-1.96002,-1.15195,0.713096,1.77172,0.97217,-2.38872,0.191319,0.155888
1.02408,-1.26316,0.178715,0.341504,1.01968,1.21473,-1.5222,0.707898,0.353953,0.626602,0.511303,-1.77114,1.25658,-0.102669,1.75494,-0.00650063,1.37275,1.2892
1.90317,1.77297,-1.35527,3.71642,0.229799,2.96081,-0.921714,2.15003,0.865749,-1.06488,0.631977,-0.66122,-0.698538,1.24454,1.72967,1.67412,-1.91516,-1.8341
-1.10409,-0.676779,-2.87396,-0.325327,-0.118281,0.609546,-0.457686,-0.415479,-1.35115,-0.490465,-1.01788,0.339793,0.599353,-2.27491,0.414874,-1.20979,1.19681,0.087802
-1.98114,-1.87963,-1.55126,-1.09052,-5.21346,-1.33345,-0.428968,-2.58178,-4.61185,1.8681,-1.15839,-1.87014,-1.54661,-1.70944,-1.32761,-1.81557,-1.7701,-8.44196
-1.89681,1.12439,-0.685354,-1.33753,2.04779,0.478622,0.746483,-1.73915,1.62871,-0.284676,2.18449,-0.487443,-0.592235,-1.27952,-0.0267346,0.106631,-2.39378,-2.72274
1.77703,1.42808,0.164708,-1.62938,-2.91994,-0.827883,-0.472122,-0.580431,0.114139,1.35002,-0.205115,0.961272,0.143311,-0.747795,-0.0248722,0.478317,-1.92957,2.6035
1.0433,-3.66728,1.73034,-0.327158,-0.615894,-2.00683,1.72961,-0.107735,-0.43437,-2.21219,0.754059,-1.27521,0.993037,3.33004,0.00173985,1.32047,2.2971,2.39625
2.39897,1.29997,0.858578,-2.63322,3.37897,-0.824907,1.5108,-0.956328,-0.195502,-3.17038,-0.438612,-1.03043,0.659726,-0.7962,1.48272,-3.14443,1.72821,-1.13071
-0.121768,0.778073,-0.158269,1.751,3.13804,-1.50093,-0.544205,0.290992,-0.336895,1.30497,0.655747,0.48112,1.04569,1.13117,1.54137,1.58122,0.418927,-0.00521921
0.581564,0.864559,-0.507401,1.08072,-1.00577,0.0413213,-1.45891,-1.10837,-0.83944,-1.29988,0.627308,-1.60272,-1.05453,-0.0353099,0.209144,-0.935728,1.40153,-1.1344
3.27735,-0.326426,-2.43977,2.47248,2.01001,3.00955,0.807856,2.57921,0.991486,-0.700952,1.50386,-1.22318,0.168615,1.18824,-2.44032,0.437942,1.54217,-2.7784
-0.089114,0.604562,-1.13269,0.498062,-0.872494,-0.938201,-0.0763881,2.47481,0.410871,-0.391766,-1.65655,1.44701,-0.256141,1.32725,0.845881,1.17057,1.26681,0.76596
1.38249,0.374277,1.10129,-1.79742,-0.814666,-2.10453,0.459121,-1.18607,3.52709,0.650105,2.0705,1.22196,1.54196,-0.76248,-1.67781,0.409866,-1.18958,2.4131
-1.09561,2.91308,0.17127,3.55913,2.02722,-1.9797,-0.371257,-0.454235,1.14185,-1.53002,0.939481,0.732505,0.02682,-0.428236,1.2555,2.17042,-1.78628,1.95031
-2.75592,-1.65194,0.724025,-1.0585,2.81582,0.623188,3.4077,-1.73516,-1.64635,2.7929,1.72735,-1.56542,-1.43626,1.47865,0.288826,-0.95294,0.546006,-2.91962
3.13208,-3.21896,-1.77312,-1.25855,-0.00738528,-0.525376,0.847987,-0.798428,0.877157,2.05658,0.0597862,2.50817,-1.2089,1.29527,-1.27519,1.58669,-0.256722,-1.41185
-1.44673,-1.16916,-0.785363,1.69601,0.170784,1.25995,-0.771172,-0.136693,-0.170934,0.553118,1.197,0.100009,2.22788,-0.861537,-0.474166,0.160252,-1.67769,-0.73928
-1.85119,-1.27116,1.46636,1.3133,1.17084,0.331797,-0.289132,-0.390941,1.57983,-0.702139,0.704939,-1.44746,0.325358,-0.93527,-1.56447,-0.663898,0.722896,-1.07614
-1.20307,-0.151306,0.809289,-1.21357,-0.651355,3.66806,1.05527,-0.130802,-0.614127,-3.17457,-0.335826,2.69814,0.636617,2.07289,-1.02826,0.475291,-1.31071,1.13495
-0.61922,-0.301492,0.25068,1.38359,-0.225627,-1.26191,-0.675835,1.22614,0.618366,0.0609783,-0.996148,0.172029,-1.06659,0.740992,-1.86712,1.38499,-0.520767,0.870021
-1.84188,-1.98727,-0.324533,-2.86622,-0.132816,0.372996,-1.86035,1.21983,0.210275,-0.763273,0.553392,2.18348,-1.02145,-0.213355,1.05551,-1.71224,2.2508,2.32133
0.209114,-1.5143,1.28629,0.834137,-1.08676,1.22019,1.5565,1.02884,-0.838735,-1.65075,0.390849,1.55046,-0.85498,1.52285,-0.392377,-1.16083,0.488083,-1.23045
-8.25822,-1.92829,-1.19462,-2.40433,-7.75549,-7.6918,-2.94,-0.717799,-1.85464,-2.05814,-3.039,-1.79399,-2.83648,-2.87266,-0.230353,-1.50474,-0.768148,0.558362
-1.75542,0.10157,-0.404125,-1.28217,1.72322,-1.49415,1.18909,-1.5742,1.70132,-0.341775,1.71993,-1.17729,3.38747,-0.243262,1.76308,-1.66558,-2.07681,-0.921627
0.666278,-1.58351,1.74551,-1.46779,2.26801,-0.943267,1.48909,-2.5263,2.44783,1.28065,0.874112,-1.31526,1.13935,-1.81954,-0.747032,-1.96664,1.00546,2.10376
0.00781349,-0.802667,1.26033,2.42972,-0.781518,1.5648,0.670157,0.633625,-1.05359,3.16609,-1.4773,-5.30852,0.450483,3.95522,-0.314371,-3.07374,1.75158,-0.656759
-0.96289,-0.0460829,-1.04376,0.947167,-0.379162,-3.05551,0.620623,0.702939,2.50874,0.599961,1.63729,0.822716,0.274514,-1.29506,-3.13716,-1.19422,-2.26405,-0.491073
-2.79043,0.787316,-2.14255,-1.6531,-1.02567,0.945125,1.05344,-0.560748,1.25526,-1.047,-0.055299,1.64181,3.49226,0.095401,2.00565,-2.62761,-1.2375,-1.43843
1.56197,-1.64287,0.346576,0.242103,-3.01969,-2.07447,-0.4073,1.6404,1.44362,-0.640401,1.42739,2.93851,1.23646,-0.159947,0.0755034,0.936554,2.11848,0.650775
0.573351,-2.16828,-1.03754,1.08285,-0.331307,1.30293,-0.630786,0.453779,2.65971,-0.0853619,-1.85187,-0.69808,2.82186,-1.94338,1.62615,0.189154,1.08664,0.497848
-0.578967,-0.656906,-0.0216066,0.75808,0.572192,-1.44902,1.65028,-1.06275,-1.4247,-0.825344,0.338176,-2.5725,0.450148,-0.574541,-1.87268,-0.129458,-1.43767,0.691668
-0.388929,0.880795,1.07974,1.21751,-1.85375,-0.423169,-1.80593,-0.323313,2.39305,-2.7611,0.585623,-1.34336,-0.259499,-1.17569,-1.13306,-1.6769,-0.55501,0.338415
3.32089,1.93842,-1.18824,-1.73632,1.25486,-2.41652,-0.256447,-0.192297,-1.13843,-1.19202,-1.0832,-0.0726345,0.00784167,-1.48244,2.27164,-1.36167,0.578051,0.687247
0.580737,-0.731065,-1.36637,-1.6228,1.33964,-0.827416,-2.77826,1.10049,-0.0394304,-2.08313,-0.202918,0.289224,0.0932683,-1.74224,-1.75933,-1.14261,-0.693716,-0.416272
0.180029,1.35874,0.201967,-0.335032,-0.125553,1.33494,-1.79796,0.668717,1.14133,1.17679,-0.544594,-2.49248,-2.45265,1.6682,-1.65456,-3.77777,-2.11749,-2.77308
0.645718,2.09784,-3.13883,2.72128,-2.75174,1.41871,-1.89175,2.24312,0.489915,0.676748,0.954777,0.599535,-1.76736,1.64907,-0.501419,1.59789,-2.69699,-3.53688
-1.90668,0.605976,-0.689718,0.57271,0.428785,-1.02755,-0.547533,-1.99442,-0.315713,0.253975,-1.20799,-0.644429,0.918181,-0.665518,-1.06079,1.0091,1.99273,-2.32585
-1.09809,-1.45634,0.0695515,0.82989,1.64271,0.191381,1.35059,-3.4899,-0.367809,-1.29143,-1.71114,0.183479,2.61999,2.74245,-0.955662,3.0007,-0.719229,-3.99931
-1.1417,0.702323,2.41029,2.14402,2.31809,3.62795,-3.51476,0.145696,0.835989,1.52342,0.321541,0.139563,0.0700088,1.9162,2.13172,-1.42695,-1.81677,2.07446
0.129006,-2.4203,3.19679,0.947506,-0.896147,2.99579,-3.11146,1.50438,3.21919,0.216254,-1.43324,-1.07431,-1.8901,0.714098,3.22008,1.50679,0.827421,1.07834
0.108336,-0.0220342,-0.837674,-1.32817,-0.328013,-3.53852,1.35922,1.01722,-0.609361,1.26777,-1.03217,-1.0347,1.00482,-0.93613,-0.919519,-1.0856,-1.54131,1.301
-2.77872,-2.45414,-1.40416,-3.40462,-2.92294,-1.26426,-0.16419,-11.6533,-11.7157,-6.35944,-8.00433,-13.244,-3.38438,-11.8315,-4.33954,1.98578,0.0821861,-6.36296
-0.811242,1.63244,0.402632,2.41364,1.83712,1.18274,-1.57402,-1.98389,-0.136082,-0.506088,-1.58876,-0.937132,1.78545,0.0456859,-1.88683,2.04196,1.86852,-2.35364
0.666673,-1.08231,0.569145,-2.71999,-0.48567,-1.23197,1.99424,0.984894,-2.38487,-1.62987,-1.7052,0.42793,-0.47441,0.832118,1.424,2.05502,1.25776,0.152804
-2.11502,-0.267948,1.29709,1.02762,0.435072,-2.39598,-0.880276,2.17044,0.701092,0.741847,0.0167551,-0.127232,2.74955,1.13916,-1.63586,-0.61388,2.16517,-0.543992
-0.527664,1.18616,0.0260327,1.84029,-1.08844,2.21973,2.23792,2.15659,-2.24614,-0.424544,1.58507,0.668789,1.61705,0.421033,0.516656,-1.77462,-0.434635,0.0987537
-1.69097,1.13676,-1.27815,-0.290384,-0.668447,1.28067,-1.7097,-0.925992,1.15824,1.27076,-1.687,-2.20606,1.65392,0.741142,2.00317,-0.0256654,-1.73476,-2.8875
0.0713831,0.665278,-0.359111,0.66451,1.61278,2.45109,0.338049,-1.07596,0.0832855,0.477065,0.727317,0.0861534,-1.70824,-0.350597,0.956053,-1.66319,0.375928,0.967589
1.22889,-1.176,2.63411,-0.178411,0.967917,0.777645,1.3412,0.558702,1.50462,1.76797,1.46461,-2.34666,-2.08252,-2.1052,-1.61471,-0.251229,-1.61346,-0.525132
-0.466808,-3.10077,-0.456618,-3.78133,-0.604695,2.75121,-0.341106,-0.482374,-1.77408,-1.61053,-0.658101,-0.390358,-1.71004,-1.47704,-0.171117,-2.04822,-1.1344,-1.00402
2.74715,2.37046,0.88763,1.01257,-0.0435805,-1.81906,-0.961704,2.257,-0.492358,2.70671,0.639333,-0.147435,0.49852,-0.784085,-2.29078,-1.073,2.31861,-1.48823
-1.81194,0.0527403,-1.89469,-1.2914,-1.88056,1.05704,1.59704,0.273598,-0.00500519,3.01843,1.16883,0.559008,-0.272897,-0.162114,0.827571,-2.97299,0.998596,2.99035
3.00722,-0.0446782,-1.40278,-2.24275,-0.803151,-0.314982,-0.546829,1.52556,1.79571,-2.06205,0.182562,-0.93994,-0.737945,0.279397,0.32667,2.46272,1.43205,-1.47966
-1.46718,-1.00143,-1.81246,-1.19413,-2.62153,1.95923,-2.45168,1.55492,-0.357189,-0.67977,1.34404,-2.03747,-1.43333,0.989165,-1.61174,-1.27857,-1.46694,0.993803
-0.411269,1.03271,1.31895,-0.867944,-2.26068,-0.43199,-0.672444,1.36607,-1.93283,-0.568621,-1.63072,-0.519515,0.485215,-1.88154,0.277779,-1.57274,1.6744,-1.99484
0.0606117,0.912499,-0.531878,1.32472,1.41826,-0.173803,-0.952391,-0.564105,0.994847,-0.197516,-0.335277,-0.234077,2.6412,0.455611,-1.91909,-0.205328,2.25458,-0.338053
2.57265,0.87173,0.904148,0.468002,-1.1543,0.198371,-0.115573,-1.04982,-2.70302,0.0958838,1.67681,1.78527,2.19297,-1.22031,0.649527,-0.550036,2.38084,0.531602
-1.04902,-2.56782,-0.628013,2.01261,-2.58474,0.0745897,0.569815,2.05759,-1.43785,-0.606189,-2.41191,-1.21137,1.96424,2.36934,2.68651,0.656972,3.41004,1.15774
-0.603842,-0.654165,-1.32734,1.83343,-1.58663,-0.324534,0.763785,1.99908,0.175969,-1.61251,-1.36317,0.963889,0.608539,0.721061,1.516,2.37019,-0.153997,-0.892392
-0.190009,0.272192,1.01773,-0.956261,-1.72323,0.706294,-2.3441,2.37281,1.15293,0.996642,-0.387738,2.24958,-0.724512,2.52883,3.08011,2.99854,0.615715,1.15754
-0.276345,-3.08078,1.90032,0.668227,-4.89792,-3.93833,-4.2011,-18.5647,-1.99153,-3.06981,0.782715,-13.6919,-7.81541,-0.825892,-0.869289,-3.40047,-1.20686,-1.24976
1.61089,3.57686,-1.72441,-0.00344768,-2.05311,0.936607,2.18585,-1.68871,-1.47136,-1.43108,-3.26521,-0.659136,0.874477,2.15683,-0.482223,0.505601,2.86917,2.89614
0.527788,-1.33964,1.72866,0.0859699,-0.753898,0.286996,1.77135,1.14731,1.45958,1.55028,-0.335521,2.57814,2.00916,-2.1378,0.391278,-1.84197,-2.24143,3.33394
1.18957,-0.629933,2.3589,-3.4535,0.63448,0.0236212,2.19947,-1.95611,1.42564,-0.636158,1.56169,-0.57854,1.88159,-0.974883,0.196265,-1.15156,1.56774,2.55393
-0.05652,2.03046,-1.99856,-2.63256,1.59347,-1.12525,0.467574,0.916013,-1.25657,-1.07892,0.207709,-0.994298,-1.77704,-0.0414145,-2.71121,-0.376292,-0.982453,0.329113
-1.03327,-1.23875,-0.621905,-1.68481,0.454359,0.104434,-3.73062,-0.332133,0.850887,0.0226446,1.47857,-0.25254,0.401654,-0.24253,2.5169,-1.09076,-1.42433,-0.245308
2.09351,1.28715,-0.271096,0.824672,-0.358226,1.2996,-0.769524,-0.519241,-0.549974,-1.83624,0.438703,0.14011,-0.934622,0.996059,-1.7027,-2.01556,-1.74282,1.94711
-0.33195,-2.94479,-1.20524,1.68922,-0.719504,-0.543779,2.69756,-2.0506,-1.40352,1.90291,-0.40736,0.631794,-0.00976555,-2.04944,1.16745,-1.29395,0.486649,1.57732
0.30079,1.22797,0.302774,0.240089,-1.10132,4.01474,-0.365737,-1.48497,-1.80072,-0.956205,-0.638168,0.236152,-1.49705,0.34431,-1.31123,2.06342,-1.55864,1.43134
0.508836,1.0383,-0.873888,-0.419055,1.23884,-1.17298,0.179262,-1.65056,0.301584,0.0686067,0.925928,1.71902,-0.224921,1.8801,-1.60003,0.347354,2.26563,-0.702836
-1.44567,0.615065,1.38801,0.572832,0.697928,0.586968,-1.07221,0.753807,-0.557789,-0.018705,0.112309,3.76961,0.663563,0.888607,-0.413648,0.905514,0.946379,0.896074
0.447588,1.50553,-0.134496,-3.42919,0.380749,-0.945095,0.983005,1.94446,0.0329921,-1.99503,1.27115,-1.76131,1.42147,0.162023,3.98397,-1.15235,-0.321299,2.206
0.54622,-3.02445,0.784234,1.27762,-1.23542,-1.7257,1.36238,1.00101,-0.0854522,0.512407,1.59628,-1.42869,-0.303324,-2.97873,-1.42308,1.78008,-0.941649,-0.740407
0.899352,-0.0647289,-0.910365,-2.55989,0.799606,0.513656,1.70651,-0.908688,1.12201,1.59926,-2.73468,-0.893918,0.755211,-1.33488,-1.53719,1.56157,-0.230781,-1.65202
1.23267,-0.985289,-1.75002,-1.17237,0.370098,-1.93396,-2.86981,1.29597,0.943213,-3.23313,0.830348,-0.661675,0.0191049,-1.05289,-0.328929,-1.50859,0.967413,-0.782738
-3.34611,-1.18928,0.885526,1.07196,2.85116,-1.11963,-0.149968,0.112064,-2.45935,-0.184729,1.39018,1.5048,-2.29508,1.57287,-0.127234,0.111179,-0.455458,-1.81918
-1.26506,1.84018,-2.47364,4.08549,1.73857,-0.993076,0.259649,-2.82186,-0.770589,1.25877,1.72533,-1.69768,-0.239997,-1.40336,-4.25473,1.59539,-1.06153,0.65914
-0.982449,0.485912,-0.972808,-0.857449,2.49196,-1.80819,0.294748,-0.1698,-1.3397,-0.201875,1.90823,0.548051,1.78692,-0.560627,1.35172,1.48265,1.90845,1.99365
0.550398,0.543378,0.772424,0.513137,0.271584,0.154423,-2.1655,-1.97112,-0.459181,-1.11484,-3.23405,0.92471,-1.21802,-1.009,0.964724,-1.00443,0.901366,0.0289611
-0.171938,-0.496109,-4.19714,-9.49331,-4.66213,0.181151,-2.39004,-11.0431,-5.04884,-0.588519,-2.90631,-5.74001,-1.5198,-9.69972,-2.36674,-6.39326,-2.36272,-7.76812
-1.33256,1.59092,1.40629,-1.04978,-0.938201,0.686976,1.13932,2.18271,-0.261151,1.5097,-2.29667,2.46199,-1.6925,-0.834719,1.00916,1.56017,1.5938,-1.13962
1.12869,1.01046,0.290629,1.16184,0.507797,-0.942134,-0.101504,0.780386,-0.620686,-1.81496,-1.434,1.34257,-0.645621,-3.14323,1.5475,-2.61432,0.225043,3.23422
-1.00906,-0.769585,0.42744,1.82122,-0.492965,-0.751762,-0.779442,0.684196,-0.872127,-1.71865,-1.84847,-0.739005,1.43224,2.04752,-2.09039,1.61376,0.688803,-0.43086
-0.965185,-1.61918,0.487076,1.79687,-1.37776,-2.05579,-0.816676,-0.220313,-0.824945,0.559955,3.52117,-0.284859,2.0734,0.98056,-0.00665356,-0.55519,-0.847495,1.42063
0.913541,-1.7643,1.19742,0.287545,-1.7304,-0.261727,2.46266,-0.0760822,-1.36863,0.895352,-0.884454,-2.55104,1.60503,0.375927,1.34349,2.00113,-1.99795,-2.89892
1.3322,-0.0552079,-0.336619,2.43876,-1.39656,1.20677,-1.66409,0.290445,1.4987,0.258614,1.1233,-1.45925,1.62996,1.46924,0.0172737,0.86227,-0.441877,2.38154
-0.109565,-1.5461,2.40589,1.30265,-1.75586,-0.215819,-3.47343,0.477981,-0.122075,-0.978093,-1.26487,-0.424695,-1.46992,1.55183,1.12439,-0.483504,-0.852137,-1.44887
1.51922,1.05167,0.0256663,-1.20243,-0.632039,0.0259098,-2.07795,-2.42796,-1.62007,-2.46094,1.55619,-1.52385,-1.09678,1.23716,-3.83554,-0.651539,0.0369885,-1.17667
-3.64633,-3.13761,-1.11557,-2.38319,3.63295,1.69225,-2.81475,-2.19471,3.25532,-0.332437,2.92832,-2.2855,-0.0273145,1.44691,-0.84826,-0.712973,0.387068,1.06421
0.873195,1.1326,1.53938,-0.300424,0.58699,1.14946,-2.02713,-1.87622,-3.22201,0.52913,0.438552,-0.285165,-2.4611,1.47377,0.380962,0.177893,-1.631,-1.65365
-1.54195,0.027467,1.08128,0.264839,-0.676994,0.617328,-0.401409,2.6819,1.15732,-1.53942,1.1503,1.98599,-0.289316,-1.502,-0.0990588,-2.07577,-0.456893,-1.32007
-1.17661,-2.04956,-1.79574,-4.45435,-0.711967,1.07724,0.501969,2.19077,0.62136,-1.09366,-0.991112,2.17408,-1.4958,2.42168,-1.59448,0.503892,0.251594,-1.86356
-0.274057,-0.957305,2.93208,1.85046,0.96228,1.7117,0.165136,2.42299,-0.0042728,-0.322764,1.60945,-0.912355,1.00042,-2.53041,-2.10865,-1.20499,-1.58605,2.45879
1.66701,0.113163,-1.08063,-1.8774,-2.15574,-1.75185,-0.816885,-0.00543391,2.13687,-1.71191,-1.0278,-0.502497,0.746785,-1.14033,-2.49495,3.39445,0.524735,3.94448
-0.606311,-0.411267,-1.49129,1.35615,0.300297,-0.716941,0.928247,-0.0207527,-1.21964,-3.02106,2.40748,-1.89066,2.25141,1.61528,0.990143,-0.10767,1.13535,0.16541
-0.93176,0.547995,0.186894,-0.316019,0.991947,-2.82523,-1.84954,-2.87438,-0.794824,-2.05896,-0.609394,0.549211,-1.41432,0.564649,-1.19059,1.48576,-4.61211,1.07572
-0.41026,0.679648,-1.75842,1.46373,-1.79416,-1.56871,-0.549425,0.0867039,-0.0688497,5.33462,0.184359,-1.59181,1.69905,-0.64635,1.02084,-2.07734,0.445476,0.955046
2.50011,-1.45906,-0.960753,-1.79949,-0.236946,0.499069,-0.0665345,-2.09058,2.12054,-1.04702,0.0233162,0.689534,0.309458,1.06653,-1.30592,-0.705396,2.06577,0.697685
0.728934,-1.77006,-2.41021,-0.618617,-3.72313,-0.262002,-3.33665,-13.8442,-7.16376,-6.88231,-3.42399,-8.16098,2.82534,-8.29121,-1.35034,-15.6526,-1.13573,-2.5276
-2.19938,2.24824,-1.71279,-1.42924,-1.18888,0.0267965,-1.25154,1.08075,-1.70855,-0.282177,2.46904,-1.15781,-2.49618,-1.86944,0.612231,2.91779,-0.857265,-0.630422
-2.99246,-0.0532288,0.964692,-1.47539,2.08326,1.99746,-1.80028,0.601065,-1.56802,0.559318,0.981722,-1.41426,-1.47563,-0.443982,-4.48972,-0.755577,0.757741,-1.38297
1.29582,-0.224739,-1.28552,1.1702,-1.80956,1.65508,-0.148839,2.09231,1.14945,0.8923,3.66817,0.501297,2.07352,-0.783807,-0.217414,-2.20231,-1.7592,2.91296
2.59902,-0.356275,1.92303,0.168797,0.758142,-0.320168,-0.522232,-1.97342,-3.02386,-0.477034,-3.19316,-1.35636,-0.609089,0.195593,0.514329,-0.643605,0.459,0.503032
0.448928,0.564409,-2.98244,-2.32252,-2.8539,2.35112,0.123936,-1.83547,-0.103275,0.450972,2.67275,-1.10364,1.05094,-2.77692,-0.288399,-0.20072,0.287209,-0.135746
0.0172779,0.515609,-2.05524,-2.27928,1.34184,-1.81588,1.40105,0.596973,-1.47856,1.11618,-1.8081,0.369366,2.45061,-0.860988,-1.45671,0.551294,0.650991,-0.148778
0.0531937,0.651696,-0.269144,0.483108,-1.04691,-1.35167,0.297097,-1.95518,2.19224,2.88992,-0.356117,0.0585651,1.40648,1.32145,-0.63387,0.426405,-0.644459,-0.483899
-1.53869,-0.689784,-2.77871,-1.00555,0.565662,-1.26023,-2.65975,0.963102,1.87799,1.42601,-0.295541,-1.8551,-0.267525,-1.116,0.203131,-0.548723,1.34584,-1.01904
2.24766,3.31126,1.21504,-0.846461,-0.0266732,1.103,1.13047,-0.690084,0.370312,0.498491,1.3625,-0.500382,-1.47698,-1.1601,1.21988,-0.3643,1.0998,2.57313
1.14377,1.43917,0.987336,-1.62102,-2.64076,-0.504166,1.76049,2.57772,0.300822,2.04767,1.40003,2.19349,1.33479,-1.51677,1.41939,-0.0904614,-1.35166,-2.69692
1.79971,1.38069,2.44752,2.55236,1.52647,-0.447009,-2.25842,-0.344432,1.61053,-0.784174,0.471789,-2.90399,2.09204,2.09535,2.50759,-2.3777,2.02139,1.09073
0.991913,-0.842647,2.27519,-2.47658,1.94793,0.288491,-0.0146487,-1.44163,-1.00836,2.71776,3.10215,-0.875733,-0.110629,-1.03531,-1.80501,-1.21165,-0.358929,-0.0715354
0.321909,-0.227058,0.120243,1.31199,1.85159,0.0194407,-0.137486,-0.167457,-0.975711,0.253151,-1.01477,0.993222,0.486739,-0.706321,-0.589072,0.32252,0.303537,1.6914
0.149845,-1.20847,-1.7427,-0.31016,-2.55629,-0.725384,-0.223396,-0.714496,0.158396,-1.46696,0.202183,1.77916,0.955959,0.192264,-1.89773,2.83368,-0.631245,-1.04178
0.0799883,-1.55583,0.012085,-1.69472,0.773156,1.07879,0.446741,-0.752614,-2.5126,0.979643,0.822509,0.709006,-0.776635,0.480728,-0.602802,-0.509659,1.11615,-1.14756
-0.10004,-0.52266,2.48872,-1.47059,-0.252879,1.87518,3.09913,-0.0851472,0.967622,0.575763,0.968413,0.700827,-1.31959,2.0336,2.34474,-0.141026,0.208776,-0.314105
-0.194831,-1.26597,-1.33167,0.332378,0.792779,0.537,1.29484,-2.2284,1.68756,3.03582,-1.84152,1.13517,-3.3047,-1.12351,-0.99249,2.67174,-1.53441,-1.5955
-3.09915,-1.34935,0.725061,-0.507217,0.756893,-2.0852,-0.420088,3.17669,-1.27299,1.39732,-0.672534,1.93359,0.508439,1.91589,0.474658,-0.255593,-3.08151,0.706747
-5.39996,-10.5408,1.89642,-8.97904,-9.01131,-4.59565,0.618335,-11.3969,1.35505,-4.63943,0.42143,-1.55318,2.56493,-7.20475,-6.01939,-0.339914,-6.88617,-2.59301
-0.999632,-2.68487,0.252144,-1.20639,1.51122,-0.705011,-1.64821,0.763359,1.01181,0.798212,0.655538,2.17725,1.89819,-0.231635,-2.36751,0.235755,0.799829,-1.27778
2.57136,1.6903,1.06768,1.13761,2.35121,-1.97143,-0.431135,3.22141,-0.674364,0.0685448,0.0446173,-2.14051,1.15476,-1.4542,-1.11029,-1.20206,1.93735,1.21415
0.324778,-1.29215,-0.638084,0.325177,0.0880196,1.7875,-0.982087,-0.367627,-0.428174,-0.815699,0.25364,-0.788713,2.27748,0.289956,0.819237,-0.339793,-2.25593,1.58281
0.898019,-1.26023,1.30753,0.668142,-1.75582,1.11612,0.610668,2.10321,-1.65871,0.565597,-2.33922,-0.320628,1.73736,2.32661,-1.17935,0.149419,2.55855,-2.56666
-1.34476,0.16538,-0.684072,-2.61852,0.0975979,0.167638,0.893246,2.22953,-0.636312,0.76235,-1.19142,0.730098,3.13606,-0.676535,-0.59779,-0.0692769,0.0940279,2.40114
-2.79506,0.661123,0.0460224,-0.715457,-0.574488,0.151128,-1.14353,0.663228,2.79906,-1.44405,1.73239,-1.44752,-0.964873,1.0148,-1.35329,0.0774254,2.48942,-0.549678
-0.370742,0.39671,-1.2609,-1.39097,0.0453288,0.0386385,-1.29935,0.913001,-0.66747,1.34388,-2.01926,1.38719,1.79042,-2.8991,-0.964533,1.02081,1.14658,0.356364
1.12595,-0.245857,1.72247,-1.55998,-0.760216,-0.209418,0.681602,-0.536118,-1.59603,-1.23979,-1.02289,-2.25366,-1.37516,-1.97504,0.439865,-1.05472,1.24623,0.552776
-3.71362,-0.639546,1.38646,0.323351,-0.950163,-0.706503,-0.103091,1.7918,-0.0155075,-0.185242,0.229499,2.04557,-0.881245,0.849908,-0.452558,-1.18503,2.35365,-1.79378
2.74691,-0.410779,-0.568407,2.09307,1.41905,-1.67547,-0.0910665,0.82345,-0.793267,-1.93229,0.946343,1.88907,1.25004,0.799526,-0.455336,1.14799,1.88574,-0.353252
0.963714,-3.82925,-1.35725,-1.60585,0.0874962,-2.70322,-0.236396,-3.04148,-0.607379,-0.155797,2.29419,-2.18771,-0.532664,0.669149,1.54225,0.440966,-2.55703,-1.17609
1.46553,-1.91635,0.321756,-1.71048,3.10296,0.69326,0.0704674,-0.25666,-0.0525225,-0.996339,-2.51519,1.94738,-0.336558,0.880298,-2.22755,1.5461,0.745262,2.25746
-1.18647,1.01059,1.68551,-1.13309,-2.40595,0.0485554,-1.34638,1.22193,-1.53893,0.359142,-1.27592,-2.21201,-1.19913,-0.456191,-0.24116,0.0454729,1.50841,0.525437
1.97457,3.19247,0.611133,-2.47917,-0.9523,-1.3842,-1.03881,-0.907893,2.04834,-1.42918,-2.62868,-1.14783,0.713735,-0.502312,1.34309,0.0836196,0.00640834,-1.52876
0.571038,-1.02365,0.109256,2.18016,-0.105533,-0.0746485,1.17799,2.2909,3.58354,1.82006,1.10471,2.49226,1.3109,-0.293287,-1.72173,0.0553907,-1.1605,-0.922519
-1.83966,-0.438368,-0.313337,-0.784665,-1.43999,1.65264,-0.418429,-2.21747,-0.51912,0.52794,-1.3784,-1.43882,2.29035,-0.452101,-0.0588401,1.10547,-0.204496,-0.965575
-0.198279,0.667748,0.189584,-1.15964,3.6062,0.48549,-0.0395507,-1.3415,-1.71433,-1.57683,1.33335,-1.10623,1.11231,3.09521,0.560625,0.639786,-0.608265,2.4745
0.925901,0.838187,-0.244789,1.41557,0.408582,-2.13175,-1.39757,-1.30128,0.086551,0.679373,1.28239,-0.909116,0.0773641,1.90772,-3.44331,-0.301249,-1.44255,-0.91525
-7.54561,-1.38194,-8.95489,1.37257,-0.929018,-8.84322,-4.00272,-6.70877,-3.43151,0.0651874,-14.501,-11.5618,-11.5944,-4.42751,-4.49638,-7.48203,-0.907583,-5.55652
0.124974,1.09641,-1.43092,-1.65319,-1.32563,0.685999,1.76968,-1.29126,-1.23539,-0.473098,1.53117,1.74608,3.28864,-2.00699,-2.36397,1.56463,-1.36403,-1.3943
4.56167,0.983951,2.99427,-1.42821,1.92749,0.864133,-2.23509,-3.25301,-0.490861,-2.74489,0.11713,-2.20338,1.3892,-0.0405896,1.20075,-0.532792,-2.83157,-0.934141
0.341166,0.164159,-0.512351,1.50673,-3.36533,-0.92633,-0.25153,1.87677,-1.8259,-0.136082,-1.3886,-1.35346,-0.170049,-1.15149,-0.780846,3.23341,-0.337901,1.00394
3.35448,1.28193,0.0353104,1.13325,-2.68789,0.76809,0.519731,0.0586539,1.50029,-0.686363,3.2863,2.20557,-2.41316,1.96984,2.41943,-2.04105,-1.29829,1.02283
0.45201,0.325571,0.249336,-0.903744,-0.699,0.526721,2.33211,3.76488,-3.47175,-0.203436,-0.68362,-2.24842,-0.706899,-0.0702