-0.719072,0.366374,0.281808,-1.47294,1.62694,-0.226417,2.57641,1.14786,0.483998,3.36417,-0.654958,-1.49318,-2.27731,-1.23709,1.27533,-0.349925,-1.00281,1.65151,1.01529,0.308544,1.46934,1.9274,1.30924,-1.67562,-0.981201
0.894742,-0.630505,0.687789,-0.092807,-0.481399,1.72002,2.41724,1.20689,0.187933,-1.39152,-0.0771467,-0.380993,0.334357,-0.119999,-2.68283,1.33451,0.429637,-1.00134,0.66805,-0.518784,1.21405,-0.0492341,-1.95599,-0.370983,-2.24614
1.1138,-0.669697,0.914094,1.1276,0.856624,-0.321298,-0.631364,-0.192266,-0.756465,-0.328806,0.709707,-1.70132,0.598681,2.02015,-2.46712,0.38612,0.402755,1.06116,-0.831019,-1.21629,2.52226,1.04208,2.46754,2.80893,-0.930509
1.93793,0.454818,-2.55086,1.34947,1.2081,2.49428,-1.41911,-0.963653,0.256053,-2.01554,0.687523,0.456465,-1.93084,-2.92411,-1.6654,-1.26511,-0.0501435,1.07858,2.64626,0.344187,0.302866,0.298197,-0.30433,0.758662,-3.15006
0.812858,-1.86188,-2.61916,1.21226,-0.749995,1.45439,-0.214543,1.60125,1.26081,-1.9282,-3.50878,-1.66274,3.00799,3.16023,1.0806,0.729422,-1.72588,-1.11844,-1.35255,-2.37187,-0.157049,3.02542,0.617018,2.0037,-0.372176
-0.476455,-1.99884,-1.04544,-0.232184,0.822805,-2.04444,1.4691,-0.560104,-1.55516,0.259713,-0.0859399,1.15403,-1.67016,1.60149,-2.07532,0.81225,1.89492,-0.826746,0.718071,1.64421,-1.09958,0.941433,-1.43632,0.115692,1.78892
-0.481521,0.989711,-1.46391,-0.165106,-1.76812,-0.111484,0.877591,-1.81085,0.591387,0.986111,-2.72627,0.155827,-1.28596,-0.255654,-1.14045,0.416021,-0.582842,-1.01786,-3.479,0.0768455,0.955289,-3.24851,0.111453,-1.66076,0.328654
2.34855,-0.751853,-0.502274,-1.90447,2.21582,-0.505966,0.649465,1.75897,-0.61562,1.49248,1.82312,-2.9591,1.99939,0.892147,-0.111084,1.98673,-0.994197,-1.1926,0.4543,-0.158574,-0.777432,-2.08228,1.10306,0.374642,0.468338
-0.891293,2.09042,0.0715052,-0.676958,1.40489,1.07712,1.7497,-0.784108,0.285409,1.35703,1.00968,-0.89951,0.741203,3.39744,0.302378,2.0314,-1.36333,0.885773,-0.459792,-0.414597,-0.087711,0.302866,-0.0359202,0.983799,-1.26508
0.334727,-2.11224,2.39002,-0.624318,-1.29677,-0.143499,-1.07871,-2.18973,-1.58031,0.836761,-1.15601,-1.14854,-0.772729,1.98367,0.949246,1.54564,-0.501541,1.89728,0.121678,2.94516,0.114993,-1.24775,2.35167,-1.4795,2.80843
-0.0964344,1.5241,-2.08549,-1.12214,1.39613,-2.09879,-1.07981,-0.910184,3.11662,-1.78579,0.636066,0.686336,-0.504929,-0.943113,-0.179236,0.244478,1.10977,0.260475,0.867799,-1.85776,3.1503,-0.995605,-0.796962,2.133,0.00827017
-1.95183,0.534624,2.0752,0.0771478,-1.67012,0.93881,-1.57811,-1.88898,-0.517593,2.04078,-0.878196,-1.44826,-0.61214,0.408063,-2.50932,0.304998,0.6863,-0.308695,-0.259651,1.27653,1.75176,-1.16807,1.09867,-0.34761,-2.02302
2.08623,1.93951,-2.06756,-0.265179,-0.00470398,-1.62603,0.661395,-0.531144,3.5927,-0.779625,0.525501,-0.52058,0.703442,0.125126,2.0943,-0.946507,-0.64583,-1.93743,0.371659,1.4337,2.40474,0.0165384,0.617818,-3.4813,0.447646
0.625263,1.27058,0.412672,3.55464,1.73323,-0.402784,-1.29206,1.06671,-0.90378,1.09085,1.03635,-1.88161,2.09571,0.93936,2.7463,0.834828,1.50957,0.429396,2.28394,0.839503,1.4969,-0.468611,3.49229,0.147221,2.64855
-0.120549,-0.451155,0.0975084,-0.550615,0.528367,0.305185,-0.0923185,0.838859,-0.735159,-1.36253,-1.64074,0.771935,-2.76897,0.36256,-2.24048,1.2175,-0.814874,-2.96389,-0.876642,0.328471,-1.93072,0.431565,2.04263,1.84827,0.000244812
0.888145,1.62688,-0.653519,-0.568469,1.43459,2.62833,0.550371,1.81814,0.404862,1.19102,2.18336,1.28163,-1.7785,1.82244,0.313517,0.7687,-0.999511,-2.8256,-1.81346,-1.69078,1.12168,1.88473,1.14973,2.5598,0.296365
-1.28352,-0.282175,2.79202,0.0661949,0.459243,0.848042,2.24229,0.983214,-1.44267,-0.403302,0.137333,-1.78415,-0.264325,-1.22373,0.678701,1.06495,2.26827,-2.1521,1.56461,0.511307,1.18915,2.59988,0.198981,-1.99183,1.09803
2.00516,-2.02405,-1.16874,1.53688,1.37358,-1.59462,-0.219792,1.15137,-0.718649,0.36049,-2.53267,-1.97686,-0.584518,0.639485,-2.52901,-1.47875,-1.69229,-0.376812,-3.54238,1.95025,3.00529,-1.44831,0.426313,-1.32991,0.517868
-1.40871,-0.206702,-1.49278,-1.44695,0.895231,-2.28449,-2.75209,-0.816246,-0.363964,-4.05878,2.38713,2.16477,-0.536637,-1.76291,-0.786309,-0.398701,-2.01166,-0.893883,1.07889,-0.822958,-0.92715,2.52095,-2.47606,2.6035,-0.550124
-0.502945,1.51161,-0.797785,-0.354105,2.39668,3.04294,0.0687587,-0.817956,1.56645,1.57689,-0.668811,1.08621,0.0909754,-0.357005,-0.717132,-1.44185,-1.07297,0.324716,-1.47819,-1.44902,-0.756925,0.872158,-0.382428,1.80425,-2.32478
1.36173,-1.15629,-1.96817,1.17471,-1.19919,0.219794,1.08249,-0.899076,0.498371,1.46721,-1.17768,1.08921,-3.56184,0.53917,-3.84903,1.66078,-2.28697,0.370251,-6.16972e-5,0.799188,-0.173314,-2.1515,0.88208,0.337902,-0.0940253
-0.694449,-1.12088,1.03008,1.57408,2.34925,0.35255,1.58323,4.0015,-2.35749,-1.00003,-3.54582,-1.89108,0.021394,0.634604,-1.01666,-1.94921,-2.21455,0.240425,-0.809961,-1.34996,-1.18998,0.651445,-2.74047,0.907254,-0.902467
-1.60207,0.82138,0.18366,0.469034,1.41789,-0.915434,-2.53811,-0.0724206,1.04474,0.156622,-1.27842,1.43297,0.924133,1.23502,-0.489028,-3.18716,-1.99234,0.681478,-0.268166,-0.268257,1.38997,-1.43174,-0.694113,-1.91925,-1.56142
1.91506,-2.65636,2.57278,1.36589,-1.14402,-0.0369574,-0.518113,0.850126,-0.264714,-1.74422,-1.62404,1.99901,-1.24943,1.05807,2.42632,-1.20569,1.25068,2.43165,2.82339,0.713181,1.24143,0.91055,1.5876,-0.480969,0.643391
1.21622,0.388044,-1.03897,-0.585279,-1.51039,1.23072,0.293619,1.30693,2.30605,0.561567,0.0261844,0.389416,0.404093,0.896325,3.9143,2.03521,1.25775,1.59975,-2.01022,0.761681,-1.52916,1.39436,0.511857,2.85464,-0.834468
0.594867,-1.17359,-0.478709,-1.03896,-0.84817,1.43645,-1.25224,0.359569,1.3408,1.88238,-0.873231,-1.66765,1.37873,1.95144,-1.15906,-0.0806317,1.38218,-1.8283,-2.79001,1.1457,-0.963434,-0.484507,-0.446612,-0.302527,-0.9548
-1.36832,-2.50295,-0.259926,-1.94445,0.938012,-1.29139,-0.516953,2.47459,1.13294,-1.81579,1.34254,-2.2378,-0.206611,1.02066,0.792561,-0.536327,0.267185,-0.277535,0.793054,-1.06674,-1.1807,-0.403823,-0.454597,0.111087,-0.690542
-1.20844,-0.70339,0.590594,2.28773,-0.0341807,0.248329,-0.0524616,-1.08099,-1.20041,1.21644,-1.69762,1.49999,-3.39454,1.82208,-0.336313,1.69335,-0.0338726,0.511459,1.26499,-0.579516,3.83539,0.172765,0.231022,0.273812,0.767296
-0.613237,-1.72436,-1.84203,0.960972,1.77513,0.538469,-0.383465,-0.111333,1.64489,0.883573,-0.415509,0.557115,1.71484,0.594471,0.602038,-1.57341,-1.59518,0.936642,0.185947,-0.76754,-1.301,-0.0410174,0.0661942,-1.05621,1.21067
-2.41496,0.213079,-2.1789,0.0118704,-0.448256,0.851771,-1.42915,1.42808,-1.05533,-1.54744,0.85034,1.01483,2.66713,-1.67114,-1.68938,0.702903,0.81692,0.818475,2.11132,1.33836,0.373486,1.87533,-0.447524,2.9852,-1.46348
0.511857,-2.65572,0.804223,0.348883,1.42771,-1.81112,-0.991886,0.61275,-0.169199,2.46666,1.47837,-1.36802,0.0217599,-0.372998,-0.269967,0.787988,1.4058,-1.71678,1.30885,-1.28697,1.32603,0.194068,0.214027,2.06519,-2.11213
3.29795,1.38826,0.954255,-1.92542,0.644489,-1.54226,-0.528184,-0.269932,1.74102,-2.55282,-0.949126,-0.111999,0.993257,-0.613361,1.90466,-1.85195,-1.23777,2.06137,1.80682,0.616749,3.13987,1.37572,-0.26313,2.80511,-0.188177
-0.0548164,-0.904433,1.64541,-3.96577,-0.119972,-1.97582,-15.7094,-1.36429,-1.63063,1.01773,0.182575,-5.96871,-0.730704,-0.425519,-7.77555,-0.35081,1.62645,-11.2324,-14.5229,0.668157,-7.03425,-9.43719,-8.46104,-0.319285,-0.48166,-8.4576,-10.9777,-2.02139,-2.45341,-0.783013,-1.25413,1.92327
0.098757,-2.07349,-2.12216,4.29837,-0.922518,2.49065,-0.252693,-0.690115,0.41081,0.453963,0.533947,1.4594,-1.13703,1.53859,-0.137944,3.68932,1.5689,0.778191,3.52922,0.990443,-1.40653,2.10369,1.21842,-0.59618,1.75389,-0.633839,0.870114,1.40223,-1.32997,-0.196814,2.70608,2.77865
-3.54952,-3.12247,1.04959,-0.607807,2.05616,-2.52779,-0.0390032,-0.577227,1.28233,-3.06063,-2.54988,-1.51121,1.80725,2.42906,-0.164037,0.408612,0.149235,-0.191015,-0.344279,-0.96872,0.341258,2.06815,0.793328,-3.34798,1.22239,2.01782,-1.19358,0.307871,1.40989,-0.236213,1.15122,-0.647175
1.1431,0.999664,0.0210873,-0.0866719,-1.03241,1.29078,0.716207,-0.572131,1.35273,1.45091,-2.74898,-0.841883,4.14442,2.31208,1.45088,0.0145878,-1.72317,2.61745,1.34147,-3.44829,-0.45375,0.636311,0.423506,-2.70407,0.835747,-0.27039,1.73629,2.28941,1.31782,0.0544466,0.855831,2.07996
-1.43352,0.902707,-1.96823,-1.74886,0.308939,1.21857,-0.272408,-0.139412,0.278849,-1.58373,-2.65358,-1.37684,-2.20893,-0.271249,1.03309,0.421585,-0.634816,0.0138548,-1.09344,0.647787,-0.890103,-0.478592,0.665151,-2.62526,-0.704235,0.917264,1.00601,0.788691,0.251293,-0.759118,1.35109,-2.75716
0.315225,3.36207,-0.742759,0.0354645,2.12759,-2.01818,-2.67141,2.00665,2.95773,-2.03637,1.62975,-0.590503,2.17591,-2.90061,-1.83279,-0.794942,0.244578,2.59895,-2.13312,-0.955321,2.00904,-0.809225,-0.922702,-0.0440379,0.355236,0.99597,-2.7517,0.0191056,-2.41732,2.27052,3.46397,-0.886955
0.652428,-2.17853,0.988373,0.896085,0.12125,-1.66972,-2.85724,1.31523,1.14866,-1.55511,1.25861,0.356914,-2.18867,0.462599,-2.16926,0.540327,-0.133305,2.46577,-0.4232,1.85004,1.17713,-1.03302,-1.24348,0.469956,-1.46523,0.134586,-2.02325,0.321116,-2.06531,0.889035,-3.57277,-1.37343
0.594653,-0.656026,-0.862244,1.67245,0.427992,1.69176,-3.0729,-0.599872,-1.31425,1.18043,-0.820918,-0.599719,-0.0856352,-0.698879,-2.49117,-0.261908,-0.0784338,0.551594,0.891201,2.28553,2.22218,0.526567,-0.0635393,-0.113834,1.19779,-2.38819,-0.864594,1.81805,0.207219,2.51579,1.66256,-0.0285347
0.850093,0.437605,0.0860672,1.60051,-1.25703,-0.110996,-1.36802,-0.200694,-0.735531,0.294442,-1.06684,-0.609757,-1.596,1.92005,-0.458386,-2.36738,-0.400131,2.68981,-0.851985,-0.315495,0.846156,-1.49919,0.256783,1.2591,0.292611,0.552688,0.218482,-2.00256,-0.973388,-2.32522,1.35008,2.065
0.172887,1.30168,1.61144,0.96231,-1.36015,2.67336,-0.385053,-1.3136,-0.690268,-0.108006,-2.40434,-1.28382,-0.0759295,-1.70681,0.0686012,3.21827,-0.882748,-1.19636,1.62438,1.21467,-1.9353,-1.79573,-0.632832,1.98456,0.210581,3.08408,0.323617,-3.22232,-0.332652,0.476151,-3.35188,-1.22456
2.2667,-2.12193,-0.127628,-0.818779,1.00607,1.59609,1.67827,-0.476027,2.00214,0.402966,-1.26692,-0.74453,-0.845851,-0.686972,-1.47459,1.21302,-0.974548,-1.26423,1.74062,-0.988002,-1.29817,-2.618,1.17194,0.243295,0.0748313,-1.90622,2.01105,-0.736833,0.760216,-2.47914,0.0844765,1.39891
-0.247017,0.0824914,2.15554,-0.381909,-1.41627,-2.21625,-0.217169,0.496046,-1.82375,-1.85553,1.52324,0.120122,1.10859,-0.586596,-2.33064,-2.19465,1.94903,0.578387,1.11191,-0.918088,1.95337,-1.12197,-0.705531,-2.36656,-0.965235,-1.77355,2.11137,-0.453902,-2.2381,0.870113,2.33681,-0.974121
-1.20249,1.69622,-0.430525,-1.2891,0.102114,-1.81468,-0.152104,-1.37168,-1.73879,0.370494,-0.67159,-2.03108,-0.826007,-0.10358,-2.43586,-0.879701,1.86883,2.32527,2.33479,-1.07178,1.87692,0.173922,1.2783,1.01367,-0.20307,0.0620139,0.856381,2.14136,0.162057,1.17795,0.607501,0.116886
-0.683793,-0.169867,1.04932,-0.60451,-0.675801,1.93445,2.23325,1.56743,1.06384,-1.40281,-0.120579,-0.489212,0.817709,-0.142492,1.84423,1.22953,1.32969,1.44505,-0.481492,2.54152,1.78139,-1.53044,-1.68023,2.33818,-0.914884,2.20356,-2.65755,-0.772702,2.15943,2.43934,-0.481977,0.941646
-0.347423,-2.472,-1.27207,1.89425,-2.49477,1.04077,0.672385,0.773095,2.92709,-0.564317,3.41749,-1.00354,1.79596,0.0523086,-2.10645,0.303568,0.143285,-0.630478,0.405744,-3.33336,1.63634,0.023861,-2.09558,-2.11719,0.7452,-0.235355,0.643447,-1.48042,1.53353,1.16916,0.269722,-0.384894
-1.82864,4.03714,0.534292,0.340189,1.01297,-0.793636,-1.41856,-0.433575,-0.31193,2.42543,0.97903,-1.07334,0.348918,0.957173,0.285867,-0.658955,-1.30348,-1.71963,0.276131,-0.990051,-1.97724,0.846583,-0.97562,-2.2508,-1.24833,-0.0771504,1.52299,-1.70562,-0.341322,-0.320231,-1.82056,-0.893038
0.869106,-0.766015,-2.18848,1.01438,-0.105106,-1.01089,-1.00577,0.00536736,-0.60237,-1.62791,0.788812,-1.85727,-0.00674411,-0.31367,-0.407177,2.5146,-1.6907,-1.01822,-1.27754,-1.35899,-1.28876,-2.18922,0.702569,-1.05472,0.0719606,-0.215587,-0.633624,-2.66029,-0.301309,2.45527,-2.97648,-0.977173
0.131202,-1.78609,-2.33189,0.929014,-0.546032,-1.62716,1.47603,-1.17975,1.88088,-0.779504,0.74926,2.34223,3.481,2.6918,1.5612,1.66631,0.254097,-1.37565,-0.606795,-0.107303,1.75494,-1.91192,1.40944,-1.45982,0.862148,0.263954,0.369125,1.21323,-1.18516,-1.62963,-2.87216,1.9812
2.28379,0.89157,-1.92712,-1.65874,1.25025,-1.03903,-1.93082,-0.53563,-0.161351,3.36668,-0.962553,0.220712,-1.43913,-0.251473,-0.817927,-0.466444,0.492998,-1.01779,-1.15433,-0.663747,0.762749,-0.753502,0.889585,-0.512314,0.249336,-0.846309,-1.32451,1.57213,1.04019,0.750207,-0.718864,-0.854763
2.22535,-1.07834,-2.18976,0.662038,-2.54527,0.285561,-0.880642,1.08829,-2.25159,-1.30098,-1.69079,-1.18903,2.83123,-0.0430288,-1.00159,-0.705859,0.62386,-2.06434,-0.314004,2.09705,1.20209,-0.952082,1.0134,-1.52739,-0.638564,-1.18766,-0.889553,-0.881558,1.19718,-2.21925,2.1869,2.31386
1.49804,-0.590289,-2.31321,0.248544,-1.56679,-1.40098,0.33253,-0.737297,2.00268,-1.47035,1.76647,2.28572,1.98975,2.14003,-0.866512,-2.41786,-1.274,1.8005,-2.85623,1.12799,-0.827601,-0.465957,0.0380561,0.304361,0.239596,-0.0857863,3.23638,-0.772179,1.2577,1.44511,-0.769249,0.41905
-1.52974,-0.274666,-0.963958,-0.805233,1.99341,-1.39982,0.564862,0.562426,1.77453,0.816248,-0.553548,1.88138,-0.632286,-0.620533,-1.45445,1.98871,-1.72228,-0.836203,-1.02402,1.31578,1.47151,-0.164709,-1.2421,0.736414,-1.7995,-2.12937,-1.58975,-1.09714,-2.45735,2.19379,-0.962157,-1.07276
1.25697,1.20944,-1.09274,-0.576952,-0.197698,-1.12931,-0.320076,0.502451,-1.19965,0.857625,1.40123,2.794,-1.4528,1.78735,-0.942235,-0.694545,0.914522,-1.13529,-0.387275,0.0809965,0.0872829,-0.182561,1.30912,-0.221565,-1.12552,-0.263527,0.9223,0.0822474,-1.54601,0.200871,1.01768,-1.11957
0.613271,0.824984,2.43336,1.69585,-0.273293,1.90429,-2.07495,1.21473,0.636922,1.08838,0.592643,-2.39412,0.809011,-0.299021,-2.43181,-1.91022,-0.525132,1.25397,-0.439009,0.44914,-2.41615,0.249677,-0.152684,1.73962,-0.99054,-1.0035,1.87206,-1.93091,-0.814357,-0.169683,-0.872005,2.72042
0.930443,-0.413556,2.14514,-2.69998,-2.31458,1.65233,-2.073,1.26475,1.12937,0.756583,0.792806,-2.73785,1.00574,-0.00634828,-2.63997,-1.5702,-0.659443,1.08597,2.89169,-3.26846,2.03827,-3.24595,-1.46205,-1.55843,2.18525,0.0595116,0.140934,-1.41078,-0.20939,-3.01648,0.00747705,1.44884
1.54142,1.11686,-2.11915,0.477951,-0.938994,0.503555,-1.54003,-4.32245,2.44698,1.56889,-0.828975,0.13773,0.0477916,2.47615,1.97992,0.387154,-1.51057,-2.63496,2.61281,0.905291,0.163396,-1.21937,-1.62102,-1.57725,0.968895,1.25541,0.210917,-0.703268,-1.57408,1.37627,1.84286,0.821129
-1.11707,-0.151128,-0.212165,1.13566,1.28254,-1.26493,0.875761,1.08002,1.34645,-3.33882,0.294076,-0.140599,-1.55308,1.54348,-0.0077477,2.2201,4.1116,0.155152,0.73113,-1.2631,0.084719,0.247262,-1.65212,0.0192929,-1.41447,-2.56016,-0.392438,-1.95734,-0.794397,0.261971,-1.19883,3.59545
-1.27838,-1.76812,1.72591,-0.550311,-2.24861,-1.97375,-1.46202,0.183602,-2.65408,-0.275704,-1.92755,-2.81856,-0.387829,-2.23643,0.97675,-2.9418,0.341012,0.259956,-0.705375,1.23545,-1.63335,-0.432692,2.14215,-1.0521,0.812586,0.415477,2.43169,0.240853,-0.863338,0.853056,2.65895,-0.803495
-0.454422,2.5019,0.224064,0.177068,-0.147432,1.09058,-1.79144,0.865382,-2.50935,-1.42351,1.43724,-0.29139,0.979345,-1.62975,-0.157841,0.639546,1.80248,-1.49183,0.0740069,1.5678,-1.45125,-0.277138,1.56771,-0.422194,-2.39985,2.04377,3.63078,1.12924,-0.587995,-2.51531,2.16165,2.08688
-0.211402,0.400219,3.10172,0.554429,-0.993293,2.26646,2.64162,-1.54613,1.52599,3.0304,0.0117193,1.32167,-1.76394,-0.328504,0.82641,-0.923887,0.86752,0.706168,1.10105,-1.05521,-1.95611,-0.102119,2.07083,-0.689993,0.775045,-3.48223,0.763057,1.24076,-1.88235,0.991301,0.349315,2.4095
-0.342238,0.393628,-1.77847,-0.611957,-1.53271,1.50909,-0.0761135,1.04361,0.492233,-0.680532,-1.80896,-3.30995,1.48668,0.676931,0.175481,1.24024,3.41252,-0.514237,1.98767,0.312631,0.827755,-1.01755,-1.59047,-0.621144,-0.141454,0.823236,0.426896,2.10764,0.499896,-0.723716,-0.775232,-0.219641
-1.52434,-0.0135796,-0.631794,2.58229,1.55767,1.40919,-0.86111,-0.365062,1.48054,0.542772,3.11747,-1.3491,-0.576006,-2.37703,-2.9924,0.324839,3.07132,-0.0881981,-0.659017,0.725486,-1.11307,2.3125,1.12147,0.256722,-1.61462,-0.508133,0.0300874,0.915189,-1.66338,0.0567649,0.786249,0.989419
1.00394,-0.641347,1.97815,-0.665726,0.890346,-0.175941,0.618671,1.65258,-0.187964,-1.43815,-0.427497,0.208259,2.79708,-0.765038,0.556627,-0.0426034,3.45811,-0.382764,1.68364,-0.192183,0.837855,0.0736101,0.259957,-1.65538,-1.31205,-0.459273,0.821925,-2.08651,2.01453,-0.354504,-1.16767,0.710288
-0.747765,-7.5961,3.1627,-13.7946,1.99618,-10.9034,-0.227024,-14.8618,-4.97577,-3.17778,-8.38982,-1.00943,-7.75435,-2.13727,-9.60442,-19.1119,-0.421308,-5.26616,-7.82446,3.57726,-10.6805,-11.3794,1.17814,-9.75137,-10.9296,-0.0337163,-13.736,-1.13565,-0.414319,-0.591846,2.81015,-1.28703
-2.20947,-1.06961,0.0280113,-0.303903,2.07593,-0.802363,-0.42082,-1.48991,-2.52852,-1.91879,-0.572405,-0.727043,-1.14872,0.831138,1.39646,0.816309,-2.58058,3.30102,-0.720847,0.947351,-0.455612,-1.49983,-1.32853,-1.27164,0.794702,-0.22956,-1.26307,-0.101504,-0.611286,-0.332896,0.685812,-1.16092
-1.36171,0.237372,-2.84475,-0.527482,0.281747,-0.808404,1.56746,0.928526,1.42903,-0.398332,0.306528,3.05026,-1.69781,0.9173,-2.65698,0.839326,1.41139,-1.27421,-2.24513,2.07044,-1.31809,-1.7511,0.470901,0.71333,1.85925,-1.08985,-1.13425,1.8183,0.909142,1.16468,-0.031185,1.61522
-2.97202,0.200537,0.0844141,-0.255287,-1.21439,-0.796105,-1.83133,0.855377,0.809473,2.83886,-1.0958,0.760095,0.307015,-0.606708,1.43547,1.80459,-0.604419,-0.648917,-0.0025638,-0.957027,1.44655,0.802998,0.594228,-1.27238,0.068976,0.35786,-1.58769,2.16511,1.11972,-0.2649,1.00061,1.72067
-0.983765,0.20661,0.785577,-0.349408,-0.306955,1.36091,0.552446,-1.40638,-0.712393,2.71499,-1.9078,0.370621,0.0605488,-3.37767,-1.39759,-1.33516,-0.60854,-3.0181,1.1829,1.27647,-0.746056,-0.152715,-0.353463,-1.58019,-1.59224,-0.0469424,-1.93591,-1.04859,1.10013,1.66751,0.202456,-3.31492
1.69634,-2.59917,-3.12998,-0.928434,-0.466445,-0.939818,-1.48082,1.69683,-1.51109,-2.09913,1.20645,0.0612816,-2.6806,-0.854488,0.76162,-0.547257,2.59926,2.25544,1.84339,0.509935,-0.210028,2.06189,1.05704,-0.757683,2.1618,-0.899409,1.33208,-0.551164,-1.40745,2.55941,1.18363,-0.73104
-0.0669273,3.75305,-0.264931,-1.12931,-1.81097,-0.30073,1.039,1.67394,1.5554,0.868953,-0.00653527,1.01748,-2.60592,-0.814387,-2.24046,-1.04682,1.04093,2.27555,-1.58998,-2.24048,-0.34156,-2.31019,3.60088,-1.60631,0.375045,-2.67598,-0.958495,-1.46825,0.447951,1.03714,-2.87698,1.1402
0.493485,1.01309,0.411725,-0.157597,-0.650809,-0.106846,-1.4051,-1.26237,-0.878017,0.966464,-1.92679,0.565111,-0.740625,-1.34556,1.39817,-0.208134,-0.720969,-0.744587,1.60244,-1.68142,-1.07566,1.48833,0.530225,0.489393,-0.227241,-2.63341,-3.66231,0.256111,-1.18858,1.81954,1.63744,0.554857
2.19379,-1.76934,3.15185,-0.681294,-3.03162,-0.271126,1.02502,1.53606,-1.29079,0.394854,1.06436,1.44023,-0.962037,-1.83386,2.30365,0.0709253,-2.07477,-2.67525,0.796349,-2.90823,1.90142,1.48195,2.26938,0.443774,-0.88345,0.206916,1.61299,-0.809106,-0.92053,-0.224617,2.53707,-1.17652
0.639453,1.49177,-1.60198,1.43648,-0.569048,-0.812431,3.66118,1.51396,0.118931,-1.65499,1.58107,1.60052,-3.71059,2.01279,0.974334,-2.3824,-1.35002,0.379741,0.448866,1.38612,-0.391857,-0.177742,0.283788,-2.18485,0.783901,-0.49644,0.343025,0.721733,1.28532,2.6913,1.48844,2.88271
-3.49773,-0.671832,-0.202738,1.99475,0.504045,0.35535,1.737,0.575273,-0.158513,-1.26798,-0.106326,-2.93575,0.643697,0.88638,-0.115513,2.23332,1.1991,2.1453,-1.22672,0.365031,-2.7257,-2.06082,-2.40388,0.858333,-0.204443,0.199591,-1.5429,-1.63109,3.63957,-0.634053,-0.0553585,1.81554
0.886075,-1.32997,-0.00442446,-1.53019,-0.425977,1.5973,-1.84734,1.28885,2.64907,0.715355,-1.12607,2.10713,1.74944,-0.0764206,0.762297,-0.237676,3.58363,0.504654,1.15561,0.392376,-2.06128,0.550432,1.23228,0.951815,3.30599,-0.048248,2.62148,1.6473,1.32178,-2.19151,-0.595082,0.429064
0.655782,-0.306897,-0.588521,0.872219,0.276254,-1.2182,-0.161596,0.049682,-2.17432,1.44896,4.06384,-0.544205,2.584,-0.307749,-1.77496,-0.118473,-1.59179,0.827593,-1.00034,-0.600786,-2.52787,1.42256,-1.02222,-2.26795,0.675466,-0.145726,-1.03311,-1.1518,0.205909,-1.14426,-2.3318,0.356242
-0.0077518,-1.3339,2.90158,-2.49959,1.2198,0.0170908,-2.49391,2.10633,1.5899,0.981902,0.740746,0.636188,2.50221,1.05539,0.605332,1.00656,-1.84182,-0.846435,-1.07999,1.46885,0.0614033,0.890528,0.696191,1.18791,0.508438,-2.19596,0.717373,-1.27457,-2.63616,1.8427,1.58398,-0.250558
3.14585,-1.40336,0.3737,-1.01117,-0.94742,-0.307413,-0.213935,0.19306,-0.447126,-1.00674,2.47097,1.1977,-0.22126,-1.21707,-1.94738,-1.7123,-1.04111,-1.38044,-0.0669879,3.79928,-0.107548,-1.0885,-0.162113,-0.623005,1.0864,0.0055543,1.43406,-2.53673,0.394971,0.928681,0.82052,0.237678
-2.46456,1.56649,0.518509,2.64113,2.39619,-1.50939,-1.36546,-3.94129,-2.03331,0.664477,0.803246,1.20027,-2.3765,-1.07331,-0.654808,2.41379,-3.40657,-2.20713,1.53126,-1.28337,-2.74172,2.64742,-3.00815,-0.271371,0.340761,1.22769,0.0539566,1.07242,0.441694,-0.189519,3.36667,-2.52681
0.157904,1.89199,1.31279,1.46624,2.09143,-0.0714743,1.74389,-1.22819,-1.89172,-0.807182,-1.02423,0.61977,-0.116058,-2.20948,-0.309915,1.9675,-1.28501,0.929685,-1.75982,-1.27363,1.40489,-0.0404375,-0.128205,0.224739,-0.458052,1.12381,-1.44087,-0.993133,-1.38051,0.0730001,-1.12085,0.222236
-1.52464,0.316358,1.29295,-1.70092,1.05789,0.972438,0.351421,-1.86788,0.0765452,0.642536,0.769067,0.0450469,1.39616,2.69155,0.60592,-1.25034,1.3365,1.98035,0.543962,-1.34782,1.24326,1.82622,-2.96017,-0.793966,0.807916,-0.349497,-0.979888,-2.94751,-0.454356,-0.400896,-0.0350349,1.1268
-3.01895,1.17683,1.20939,2.7235,0.452038,-1.24015,0.951902,-1.86511,0.353462,0.221992,-1.10389,-2.63182,-0.34327,1.02322,-0.872768,0.124424,0.0137941,0.761437,-1.90335,0.597495,-5.92948,-0.878841,-0.33018,0.73922,1.32883,-2.14698,-0.816915,1.45595,-0.667463,-3.06403,0.703668,-2.05903
0.95047,-1.73098,-2.3249,-1.88943,0.993255,-1.04047,1.77743,-0.0673241,0.698812,-2.13446,-0.364636,-1.31901,-0.391798,2.4261,0.209876,0.626693,0.484695,0.471847,0.142949,0.194677,-0.349871,-2.22251,0.0446196,-1.66701,-1.11939,-0.192815,0.323497,1.35607,-0.438557,-0.0117191,-0.0864264,-1.23304
-1.4724,0.568194,-1.28864,-0.0523076,0.0236821,-1.3607,-0.146459,1.73412,0.407993,-1.8247,1.68303,-0.377971,-1.19659,-1.31663,3.28254,1.74303,-0.710102,0.0171203,2.3683,-0.297678,1.87835,0.173095,-1.24363,-2.01929,-0.731959,-0.0319532,1.58107,-0.389172,-0.378978,-1.32233,0.134524,-1.52384
0.3868,-0.382153,0.538101,-1.91556,1.74947,-0.0696433,-2.17555,-2.331,1.14258,-2.33973,1.02292,0.693956,-1.4203,-1.21845,0.871341,3.25211,-2.75824,-0.0823417,0.996,-1.10947,1.1442,2.04694,-0.140145,2.22409,-1.37937,-3.06424,-2.82717,-0.169256,-2.93072,-1.22263,1.12409,-1.24919
-0.466287,-0.997525,0.0629926,-1.43516,-2.13209,-1.46037,-1.05774,-1.14088,-3.09144,1.00778,-0.771024,-0.776609,-1.80527,1.12583,-1.59478,-3.1724,-0.236763,0.00216722,1.9028,2.41585,2.50203,-0.259835,-1.98425,0.504502,0.426497,-0.034116,-0.995515,1.57042,1.50014,0.569566,-0.0577688,-0.897671
-1.03183,-1.29057,0.834376,0.532549,1.69684,-0.336833,1.34452,0.563128,-0.884428,-2.08261,-1.93799,3.26056,1.67968,1.44566,-0.708457,1.19568,-0.803156,1.00934,-0.0686094,0.668722,-1.46037,-2.08295,2.08911,0.641866,-1.82976,-1.3986,-1.63692,-0.453017,-0.406934,1.45057,0.706351,0.426405
-0.152044,-2.3318,-3.19453,-1.27513,0.277968,-0.132236,0.906033,-1.41289,-0.926297,-0.138431,0.320047,2.26441,-2.55983,1.69948,-0.94168,0.345805,-0.378491,1.5081,1.32121,-0.988982,1.92226,-0.650655,0.424208,1.31034,-0.014283,2.49758,-0.166204,-0.21839,0.64498,-0.937681,0.694172,-0.0751362
-0.272164,-3.22379,2.61715,-2.18159,0.157783,-1.03708,-0.287389,2.76101,-0.446486,2.13482,-0.600666,0.346269,-2.98678,1.34403,1.54735,-1.21433,-2.73892,0.787069,-1.40744,-3.25496,-2.67586,-0.840449,0.882534,0.103706,-0.196201,-0.709007,-0.342662,1.95389,1.46556,1.32753,0.0600041,1.03516
-0.314371,0.348674,-0.18546,-0.741049,0.243175,-2.05143,1.53472,-2.50325,0.671804,1.63586,-1.35801,-0.721675,-1.85428,-0.52916,1.44713,0.560045,-0.459639,0.592972,-1.11227,1.68611,-0.861633,-0.185156,1.53362,-0.144108,0.486648,-1.48509,-0.873776,-3.39427,1.25122,0.671099,-1.34892,1.07077
2.31336,-3.74294,2.5548,-1.07825,-0.982879,-0.992675,0.990326,1.79437,0.753896,0.619189,0.500595,0.389661,1.57372,-1.63296,-0.581652,-1.15982,0.960718,-2.09766,-2.19581,0.940611,1.28663,0.528668,0.485427,-1.01224,-0.214241,2.32023,-0.514268,-1.22526,0.27076,0.625076,1.58693,0.904228
1.78085,0.149174,-0.296426,-1.49772,-1.67018,1.8341,0.536609,2.23511,1.22648,-1.10348,-1.78664,-0.524067,-0.696555,1.15531,1.99841,-0.0486156,0.0917389,0.80227,1.41251,-0.728172,0.316965,0.229011,0.560011,-1.44264,1.08993,1.01981,1.66619,3.26401,-2.09943,-0.913601,-1.47746,0.391918
2.04111,-0.14765,1.2772,-0.830469,-0.620873,-1.22095,0.534593,-0.843715,0.184331,-1.35533,0.325053,-0.715019,-0.40891,0.238349,-1.24174,0.33018,-0.285928,-2.2627,-1.31133,-0.212317,2.50625,0.652119,0.553148,-1.86889,-2.3531,1.26917,3.00637,-0.27732,0.514627,-2.08395,2.30091,0.861293
-1.81765,2.46205,-0.60137,-0.384564,1.74807,-2.49007,1.17059,0.807031,-0.199928,-0.269234,-0.487624,-0.286022,2.03382,1.98846,-1.68041,-2.07281,-0.261239,-0.911835,-1.37492,1.44645,0.379253,-1.64459,5.47002,1.46266,-0.784626,0.585346,-1.26786,2.1689,0.444167,2.1098,-1.36705,0.413125
2.95023,-1.38859,-1.54335,0.87369,-0.0672617,1.32315,2.64877,1.99377,0.700123,-2.02552,0.615069,-2.14594,-0.680168,1.48253,-1.28831,-0.819449,0.150548,1.7406,-0.631672,2.20319,1.23017,0.0897243,1.24057,-0.0616776,-1.15397,-1.19871,1.00888,1.36653,-1.90398,0.781397,1.76263,1.15842
-1.22599,1.07542,0.222785,0.134892,0.383218,-0.392658,0.329997,-1.83645,0.56444,0.437639,-0.120238,-0.279917,1.82336,2.12727,-0.629536,-0.458144,-1.27623,0.0292978,-0.747551,0.165133,-1.67973,0.173711,-1.47026,1.47893,0.943879,-1.0332,-0.674764,2.02292,1.26795,-2.00296,-3.52079,-0.394024
-16.2229,0.926298,0.932579,-14.6936,-0.173346,-8.05534,-7.38963,-0.982531,0.98471,-2.28906,-0.390452,-8.57406,2.21802,-2.23633,-8.16727,-9.2941,-7.79495,-15.0351,-8.33502,-10.4077,-11.5925,-10.7769,0.341288,-3.47346,-15.9588,-6.38972,-1.93054,-1.60619,-1.4455,-0.0963167,-0.444044,-4.56162
0.77044,1.14014,-0.764062,-1.53471,0.129118,-1.08066,0.452285,2.15372,-0.0140422,0.904626,-0.251961,-0.895223,-3.03222,0.523332,0.789213,-0.779321,-1.18784,0.187323,0.36665,-0.0420544,-1.44139,-0.205328,0.960631,1.09571,-0.529252,-1.4016,-0.998628,1.60589,-1.09726,0.294045,0.468521,-0.359325
0.386914,2.16291,-2.8248,1.4364,-1.42299,-1.5046,1.50279,-1.78723,0.567339,-1.6319,-0.568007,2.26139,-1.67147,-0.220466,0.357097,2.5409,-1.07425,-3.07633,1.06131,2.13977,0.054994,0.491381,-0.412431,-3.1431,2.48082,2.97776,-1.7348,-2.6235,-0.878506,-0.808618,0.524247,0.179208
-1.27305,0.894651,0.278878,-2.74043,1.71993,-2.23597,-1.53371,-2.11316,-0.271829,-1.97009,-0.06653,-0.451918,-0.58034,1.47285,0.0397044,-0.487075,0.141026,2.5869,-0.563676,-1.84454,-3.14524,-1.06187,-0.246742,1.22239,0.771564,-0.931001,-1.61666,0.926968,0.590595,2.21201,-1.00424,0.0232248
0.587416,-2.6755,1.89709,1.09152,0.00701619,0.727897,-1.88623,1.35224,-0.252424,2.39039,-0.15302,0.461256,2.25739,-1.79974,-2.55354,-1.80346,-1.45244,0.469559,-1.67449,0.745417,1.05429,-0.968148,1.51781,-0.285226,0.772699,-0.69759,1.10978,1.63665,0.190314,1.37455,-0.380413,-1.1504
-1.27,-0.232184,0.83581,-1.19956,0.406995,-1.47243,-2.26704,-2.77001,-1.35899,0.112431,-0.898339,-0.770104,3.22318,0.0473645,0.0360724,-0.15125,-3.19685,-0.55244,1.61367,2.355,-0.954376,0.333264,2.46068,2.8674,-1.99447,-0.851406,-1.69164,-0.272592,0.0361336,2.43209,0.537617,0.0942718
-2.66161,-1.57436,1.71237,1.22135,1.47731,0.580248,-2.80208,1.8022,-0.923486,-0.609912,-1.1963,1.22172,1.04496,-0.798578,1.36101,-1.57778,-4.5627,-0.23252,-1.35505,-2.32569,-1.21702,-1.55681,1.42433,0.57686,0.25898,1.73812,0.606283,-1.74163,3.33946,-1.37144,0.782067,-0.844905
0.560624,1.32756,-1.403,1.48582,-0.984222,-0.149113,0.336192,-0.460494,1.50298,-1.80365,3.27668,0.59447,-0.910642,2.12098,1.61579,-2.06476,1.57964,0.0624409,1.02075,0.96585,1.55073,0.552317,-2.70079,-1.11957,-2.50808,1.02841,-0.210886,1.57414,0.161447,0.139226,1.00336,-0.831234
0.344859,0.122196,1.7499,-0.472183,-1.43632,2.18925,0.603751,-0.647084,0.617329,-0.0902124,-1.96667,-0.615985,-0.778588,-2.52126,-1.25455,-1.88104,3.27409,1.59642,-1.57426,1.06827,-1.80938,-2.89479,-0.732753,-1.58751,1.03549,-1.61275,2.0311,-0.73693,-0.123693,2.92887,0.173711,3.99567
1.6975,-0.233161,0.199653,-0.155308,-1.6176,2.30084,-1.89691,-1.87314,-0.491108,-4.29253,1.02265,-1.66632,0.459212,2.73937,2.8456,-0.971191,1.25441,1.84902,-2.85831,-1.10898,0.859584,1.77862,1.6794,-1.43782,-1.0509,2.25379,3.18664,2.02836,1.0296,-3.8252,1.31044,-3.08984
1.89385,-0.984249,-1.36137,1.90209,-1.87351,-2.31855,-1.01672,-3.14029,1.44102,-5.5232,-0.301644,1.47481,2.63771,1.32762,0.0198987,0.875728,2.68593,-0.777727,2.44041,-0.989409,-0.300516,0.687091,1.21701,-0.525103,-0.959415,0.146366,0.140263,-1.82467,0.797632,-2.06336,-0.818851,-2.23215
0.705893,-2.54982,-0.941802,1.09513,1.05927,-0.756734,-1.43309,-2.19728,0.030519,1.35655,2.02112,0.408063,-1.52172,-1.61168,0.850856,-1.66106,-1.11106,1.27415,-1.16016,-0.0198369,0.00967467,1.04969,1.28736,-0.507039,0.138307,0.675495,3.74153,0.390332,-2.31605,-2.27269,1.05997,-0.621876
-1.65261,-1.37079,-1.07199,-0.442918,0.838861,-0.444658,0.272408,-0.197637,1.87253,-1.11161,0.563433,1.67897,0.692984,1.2418,1.48103,-2.71945,0.0252687,-1.43718,-1.19706,-0.89804,0.370098,1.21437,-0.109226,0.0547451,-1.03335,0.865048,1.8963,2.99393,-1.7771,-0.0263681,2.10596,-1.44273
1.03735,-0.352243,-1.43892,2.04694,1.44862,-1.76809,0.153142,1.43238,-1.53532,-0.714377,-2.95498,2.68261,0.28016,-2.13972,2.42515,1.63439,-0.756485,2.66616,-1.24399,0.157781,-0.164556,1.34306,0.463545,-3.14981,-0.337198,0.572649,1.18433,-0.474043,2.00867,1.11228,-1.2631,1.50536
1.90075,-1.92529,-1.60872,1.15531,1.36118,-1.02158,0.379041,0.645739,-0.596208,-0.675435,1.75274,2.10804,0.258065,-1.80194,0.934172,0.256202,0.480323,1.31163,-1.69131,1.02487,1.52006,-1.75462,1.79435,1.71789,-2.91647,-1.10483,1.40196,1.29618,-2.31062,0.136353,-0.399576,-1.59852
-0.524308,-1.99716,-0.789636,-0.68688,-0.143192,2.09472,1.241,-2.69079,-2.13892,3.02124,-0.298292,-0.0430919,-2.89238,-1.75354,0.756279,0.135078,-0.0728785,3.13861,-1.22642,-0.347239,-1.11454,-0.744142,0.866023,-0.606222,-1.42902,-0.46086,-1.89856,1.91985,1.26176,0.965176,-0.72927,-1.5993
1.47423,-0.504471,0.104617,0.176886,-0.402814,0.349131,1.223,2.12845,-0.127842,0.64327,-0.0225536,-0.968994,-0.758204,0.986144,-2.07187,-0.647236,-0.930206,-1.22074,0.572406,-0.466017,-1.40279,-0.218329,-0.238533,1.94894,1.30564,0.191158,1.47065,1.2371,1.24473,-0.27369,-1.13852,-1.34645
1.50581,2.6119,-2.21289,0.859615,0.794517,-1.61562,-0.242287,0.195715,0.234228,-1.90002,-2.22473,1.84512,1.75047,2.23627,-1.85764,1.97516,-0.986236,-1.78902,-2.31352,-0.163059,1.51814,1.59108,-0.861081,-0.856134,-1.27882,-0.571672,0.161992,-0.588214,0.17737,0.510422,-0.811422,1.34683
-2.38404,-1.63073,0.963711,1.52281,2.70571,-0.411662,1.27449,-3.26109,1.02246,0.374428,-2.13719,0.730979,-0.358715,1.72925,-0.357585,0.183503,-2.83142,-0.852748,1.96142,3.03495,-0.0725421,-2.79995,-0.889191,1.29441,-1.24494,-0.987732,1.52281,1.60479,-2.43607,0.134892,-0.415602,-1.03021
-0.666949,1.61999,-0.198187,0.21659,1.64123,1.11804,-1.90575,1.91336,-0.556442,-2.05822,-1.71133,0.736044,1.87932,0.467847,1.24891,0.684043,0.576189,-0.932402,-3.36795,1.78369,-0.774896,-1.82794,1.59685,-1.7135,2.23985,-0.795648,-0.0316808,0.581683,-0.0709255,-1.36436,0.967739,-0.453075
-0.504349,0.438058,0.646012,0.687215,1.6342,-0.143803,0.285165,-0.941069,-0.961028,0.0427259,-1.22141,1.64937,-0.730644,-2.73916,-0.505268,1.02371,-2.01502,-1.09403,-0.561296,1.78026,2.00592,0.437815,-1.37162,-2.49211,-0.167544,-0.0102537,1.10752,-2.78488,0.191596,2.31498,-1.68169,-1.08097
0.228797,-1.23178,0.687063,0.188243,2.60318,1.66301,-1.38371,0.608081,-0.402966,-1.81261,0.921991,-0.201697,0.480484,-1.36842,-0.918546,2.74987,-0.122807,-0.481674,0.150731,0.548052,0.480362,-0.225989,0.684971,-1.1604,-0.923704,-0.00439076,1.45897,-1.08927,-0.520367,1.19446,-1.25687,0.934721
0.941618,-0.058936,1.38261,-0.822046,-0.0205043,-0.612081,-0.556229,-0.632833,-0.00643982,-1.6549,2.32897,-1.32602,1.90305,1.68654,-1.47582,0.445296,1.04559,-1.36905,-1.20884,-0.0716574,-2.06768,0.395947,-0.0907582,-1.16107,1.21809,-2.23811,0.101443,-1.60564,1.00662,-2.88504,-1.52508,-1.4195
1.13181,2.50411,-2.87069,-0.805627,1.46525,0.747274,-1.59356,0.00604255,-0.490096,-2.07249,-0.627277,-2.10943,-0.96042,1.22119,-0.892183,2.35212,-1.3791,1.48085,1.42594,-0.839498,-1.21213,-0.504654,-2.00912,1.2739,1.27366,0.998258,-0.750384,0.814359,-2.39667,-0.760705,-1.04239,-2.25943
-2.06301,0.755181,0.189947,-0.905271,0.314463,-0.604632,0.596938,0.141489,0.524277,1.11362,0.560622,1.93192,-2.32795,0.0805687,0.0408953,1.24769,0.48015,3.11765,-0.226111,-0.831451,0.420908,1.63873,0.652393,-1.47352,3.02124,-2.09406,-2.24385,2.73641,1.25559,-1.75506,-2.83181,0.725516
-1.38188,0.721519,-2.95956,-3.38224,1.87127,1.33885,-0.23661,-0.672079,-0.587485,-2.47926,-0.405775,-1.18238,2.30851,-0.460799,-0.00207713,-1.05441,-0.586021,-1.91609,1.75427,-0.308848,-1.01987,0.415293,-0.460829,0.632588,-0.215949,-0.754784,-1.35737,1.89843,-1.63066,-2.47224,0.814478,-0.0124212
2.56618,-0.865251,1.86364,-2.41451,-0.659963,-0.474988,-1.39122,-2.70666,2.38307,0.566363,-3.2415,-0.921258,-1.37956,0.483474,-0.907129,0.687702,-0.94064,1.02023,-0.714164,1.53816,-2.40434,1.46981,-0.108949,-0.416975,1.46513,0.899923,-2.08887,1.62273,0.0707414,-2.59234,1.15048,-0.926264
1.28217,-2.3011,1.28556,-0.170476,-1.97971,-0.879787,1.82141,-0.173894,0.0522476,-3.55034,0.63863,1.29651,-1.10269,-0.212805,1.58574,0.503983,0.884487,-0.0192271,-2.52522,1.24912,-0.368724,-0.0307319,0.575609,-3.0701,1.41344,1.24739,-2.90557,-1.6718,1.95203,-0.405655,0.542405,-1.89852
-1.50093,-0.316878,2.2552,3.37682,-0.879696,1.84673,-0.512036,-1.2544,1.13357,0.120896,2.71164,0.376842,-1.21445,0.946745,-0.503311,-0.85983,-1.01297,0.781891,-0.280463,0.121281,0.638696,-0.185004,-0.143284,-1.07136,1.52501,0.559588,0.747581,0.86364,2.47868,2.10962,-1.01547,-0.184449
-0.162154,-2.4059,-1.79446,0.229832,-1.24257,1.11777,1.13007,2.23087,2.46096,2.35646,-2.35115,-1.56322,1.01199,0.000978234,0.379988,0.649164,-2.09251,1.58242,-0.970733,-0.0636315,-1.54331,3.00082,-1.51665,-0.300668,2.0365,1.74746,1.26933,2.73564,0.599145,1.29383,-0.28251,-0.396161
2.91818,1.4749,2.15067,2.01953,0.645715,-0.193427,1.02808,0.30674,-1.6491,1.45427,1.81435,1.34144,-0.242227,0.506089,-0.955351,-0.378216,1.6317,-0.432504,-1.80874,0.861292,-2.06647,-0.456647,-1.88367,-1.05789,-0.615307,2.26875,-2.62362,1.57323,-0.316234,1.88922,-0.12595,1.75345
-2.01944,-2.29792,-0.870144,-0.412366,-1.21146,0.769982,-2.40184,1.59215,1.81558,-1.27384,0.956023,2.57823,-0.0406482,-0.0679645,3.37803,-0.51619,2.45485,-0.623557,-1.35719,0.0164498,0.278634,0.578783,-1.38746,-2.85568,1.83371,0.564714,-0.298135,0.947904,1.17115,-0.810511,1.53991,2.5043
0.992706,-0.577379,2.09644,1.99267,1.1731,-1.95422,-1.79611,-0.325574,-0.815513,0.242226,-0.541248,1.37852,-1.20923,-2.31806,1.09741,0.21128,-0.448191,2.29579,0.462142,0.474746,0.288095,-1.16849,-1.57522,-1.96527,1.85271,1.49925,2.54257,1.15586,-1.37941,2.25678,1.68484,2.04159
-3.77325,-6.01549,-11.2574,-0.156986,-9.37488,-8.20462,-0.122226,-1.47423,-3.26951,-7.3233,-3.52797,1.23261,-0.124626,-1.47505,-8.78859,-1.61119,-0.957711,-4.04079,-1.12485,-6.76159,-1.61728,-11.0756,-8.88108,-4.00791,-18.0879,-9.87139,-6.93563,-1.60326,-0.178656,-1.42763,0.757648,-1.8872
0.959501,0.0440071,0.324352,-0.501418,0.680589,2.5475,0.697836,1.90249,-0.811917,-1.12946,0.837973,-0.0754115,-1.38981,-1.86843,2.32014,0.552141,-0.886929,-0.839656,1.80224,1.09762,0.777974,0.10657,0.309702,0.77158,-1.67204,2.75576,1.03422,0.461562,-2.08136,1.98242,1.83858,-0.778682
-0.323438,-1.44102,-0.441599,-0.482192,-1.70605,-0.258858,1.00095,-1.48747,2.60305,-0.527938,1.10062,1.3726,0.663167,1.71569,-2.32255,-0.0609824,-0.945249,0.335095,1.78164,-0.238166,-0.887691,-1.99796,1.24192,1.07828,0.274696,-0.790492,-0.432812,0.520768,-1.20384,-1.83129,1.60356,1.67678
0.451185,0.484024,-2.2584,-1.79223,-1.39586,0.126316,3.21566,-1.67742,-2.98361,1.37526,-2.98904,-1.5302,-2.08448,1.11155,1.31776,-1.42576,-1.90915,-0.949733,-1.33747,0.183571,-0.781671,-0.289497,-1.93706,-0.067629,3.32358,1.32276,-2.06677,1.95062,0.486583,1.22354,-1.04746,-1.15305
0.678513,1.48826,-2.38993,-2.98587,-1.64201,-0.29896,1.82399,0.445509,-0.772363,-2.36952,-1.31032,-1.38549,0.962131,0.166418,0.930452,1.57018,-0.602007,-2.3165,1.35176,-1.86941,-1.60607,0.9009,-1.23477,-0.997563,-0.654012,-1.2205,0.0205693,1.64016,-0.682907,-0.932648,-0.100162,1.54742
0.352153,2.4471,-0.396466,-0.25782,-0.379435,-1.62975,-1.64229,-3.47502,2.61257,-0.0504149,-2.00885,0.811063,-0.885188,-0.356549,-1.63403,-0.124448,-2.07071,0.50032,0.144078,-0.417676,1.17246,-1.76745,0.528823,-1.7734,1.21897,-2.30149,-3.58095,-0.676016,1.45323,-1.22419,-2.09449,-1.00373
-1.2404,-1.15638,2.36653,-1.57002,-1.72683,-0.235878,-1.67467,0.22367,0.444041,-0.0274054,1.46175,-0.920039,-0.607774,0.647084,3.05081,0.668264,1.5645,1.25034,-2.10681,-1.82625,0.0487691,-1.63225,0.37678,-1.26588,2.32914,-1.70339,-1.03439,1.32011,0.0250825,1.92145,-0.432329,1.68425
-0.492325,-0.997315,1.66283,1.45415,-2.576,2.97745,0.111544,1.32658,1.18501,-1.21069,-0.982209,-1.50865,0.960724,0.658902,0.0176701,0.850853,-0.637046,1.81246,1.38173,1.416,-0.775477,-0.993435,0.0802954,0.0379042,0.821681,-0.92343,0.34669,1.57488,-1.53716,-0.254158,-0.253365,3.9167
-0.00674794,-0.290292,-2.06391,-2.00696,1.02585,0.0822174,-0.546831,2.22068,0.0120808,0.966983,1.05957,1.40499,-0.172368,0.291512,2.60103,1.44844,0.0312814,-0.210089,-0.250894,0.290567,-0.998411,0.853053,0.485549,-0.202888,-0.168948,1.96891,0.107303,-0.552111,-1.27265,-0.714014,1.96612,2.29695
-0.123477,1.06632,0.611103,-0.386185,0.686575,0.880945,-1.92096,-0.528886,-0.872096,-1.25397,1.46263,0.99649,2.78686,-0.793574,1.03011,1.50243,2.57863,-0.79049,0.959687,0.947782,1.10208,-0.0137944,0.182684,0.767174,1.46697,-0.413527,0.836085,-1.26005,-1.47499,0.143925,1.59432,-1.34092
-2.90167,-0.139715,-0.837,0.405408,-1.52538,0.79226,-0.82403,-0.44758,1.19306,-2.15458,-1.52294,-0.78225,1.51936,0.0303963,-1.69097,0.66039,1.53471,-2.67782,-0.258278,-1.10093,0.710167,2.4377,0.0504774,1.34635,-0.878416,1.35304,-0.277108,-1.24152,-0.98287,1.80044,-0.0437027,1.72222
-1.60048,1.72842,-1.09003,-0.760151,-1.70705,-0.924192,-1.53985,-1.03622,1.58806,-2.62453,2.86056,-1.2551,-1.04749,-2.60149,2.00884,2.52632,-1.6179,0.403852,0.331309,-1.27565,0.177004,1.17365,0.22239,1.77984,-0.516341,0.677053,-1.28776,-2.16181,-0.0396743,2.40303,2.49068,-0.637959
-2.3664,0.216502,-1.54893,0.130924,-0.190313,1.22669,0.995575,-2.61709,2.42164,0.360876,0.0849331,1.60936,0.27668,-2.20902,0.346691,0.406812,-2.02589,-0.238441,-0.649313,-1.62896,-0.831815,2.0539,1.46824,1.24821,0.695028,0.390913,-0.354655,-0.0187081,-0.10432,1.70495,1.35126,-1.42924
2.13678,1.4503,-1.71648,0.701255,1.30119,-1.4931,-0.815398,-0.571734,-0.101566,-0.890962,0.118168,-0.307139,-1.61224,-0.821375,1.79656,2.7203,-1.84747,1.91723,-2.46828,-1.31523,-0.104312,-2.3231,-2.00784,0.505844,-0.877834,-2.96987,1.50521,-1.19175,-1.88174,1.58037,0.470778,-0.0568568
0.39784,1.05787,-0.012543,-2.32969,-0.0965303,-0.900693,-0.395367,1.28049,0.652607,-0.440627,-1.60576,3.01487,-2.86283,1.98523,0.919582,-1.92477,0.597034,-1.16052,2.97125,1.75954,-2.61819,-2.02898,0.707541,-1.43451,0.200018,1.88806,-0.00711126,2.44292,1.8811,0.552751,-0.748436,-1.07682
-2.09168,1.0743,-2.18507,-2.52839,1.08365,1.95151,-0.954347,2.58668,-2.37296,-0.662801,-0.125553,-1.47465,-1.64257,-3.52888,-0.697623,0.300882,-0.0749225,-0.692802,0.24162,-0.620078,1.01272,-0.240978,-2.13587,2.19085,0.219122,-1.85699,-0.770321,-0.15662,0.566091,0.923372,0.605976,0.795163
-0.499345,-1.30812,-0.172861,-3.90457,-1.61623,3.12802,-1.38429,2.679,-0.616659,0.524674,0.258981,0.127506,1.52879,-0.0673849,0.464515,-0.581378,-0.289834,-0.395764,-0.10895,-1.29027,-0.665304,0.691428,1.04117,1.53014,0.0733965,-0.395215,-1.03299,0.147404,0.281592,1.20381,0.0203201,0.232553
0.73806,-0.219977,1.40748,1.25248,-1.68298,0.819544,0.72274,-0.328009,1.06284,-0.429823,0.907778,4.08301,-0.549032,-0.288828,0.593005,-1.19171,1.61965,2.19452,-2.54231,-0.22309,-0.45436,-1.08619,-1.64482,0.955046,-0.12876,-1.47624,0.0496845,-0.801447,0.132298,1.03793,-0.259043,1.97463
-1.83868,-1.03599,-0.695395,-0.289529,2.61654,0.139164,-2.06748,-2.57271,-1.91437,-1.86065,1.13523,2.16627,2.67691,0.284737,-0.865205,0.335584,1.53063,1.79284,-1.12448,-1.97357,0.331004,1.19434,0.272496,0.783929,2.04288,1.10053,-0.833583,-1.14585,-0.243202,0.667962,0.895016,1.06607
1.54613,2.48076,0.514908,-0.710594,-0.631367,-1.8677,0.165899,2.51728,-2.56581,-0.0750141,-2.03186,-1.34922,-0.423752,1.07355,-1.61089,0.170045,-1.31443,-2.86898,-0.527521,-0.723227,-0.559465,-1.37492,-1.60113,-0.00402787,-1.26358,1.11167,0.622212,-0.180822,-0.676836,0.156988,-1.14429,-0.443464
2.44539,-2.75665,0.182928,-1.07251,1.40608,-1.35429,1.32298,-0.0347303,-0.0636617,2.06116,0.819979,0.414869,1.6663,-1.32954,0.861411,0.215949,-0.606098,-0.6639,-1.76818,-0.0249639,0.54289,1.08268,1.47969,0.577899,-0.945954,-1.21668,-2.06568,-0.396985,-1.04294,2.53779,-2.06092,2.02435
1.18027,-1.33085,-1.29988,1.69445,0.315557,-0.385174,-1.22571,1.37578,-0.259164,-0.161199,0.995849,-0.531083,3.28075,0.962615,-1.54159,-1.66039,-0.999817,-0.237465,1.35426,0.950651,1.51561,1.2949,1.68783,0.270089,0.0913116,-1.14887,1.86444,0.747948,-0.40492,1.28477,-0.40178,1.02567
0.879239,-0.444778,-0.0574969,-3.08707,0.591598,0.761804,0.955111,-0.479567,0.463058,-0.439187,1.82855,-1.1945,2.63268,-1.17349,1.81634,2.0531,0.258008,-0.50386,0.72805,-0.484817,2.75478,-1.00882,0.335027,-1.73705,0.421125,0.900481,-0.864345,1.42357,1.99371,1.07761,-0.404706,0.550314
1.50215,0.596146,1.31974,-0.655535,0.680507,-0.212897,1.00238,-2.36738,-0.349071,-1.11642,-0.403638,1.76745,-0.568134,1.96404,-0.861292,-1.54302,-1.3043,1.40687,2.97494,1.26976,0.622759,-1.15366,0.469863,-2.77328,-2.02459,-1.17209,0.879513,-2.14518,1.01553,-1.45153,1.54039,-0.0366229
-0.445052,1.57573,-2.54493,1.2324,-0.772024,2.11182,-2.27192,-2.02893,3.00858,-2.64797,-1.4987,0.39555,2.3921,1.16642,1.06476,-1.01022,1.03156,0.668415,-0.280774,-0.792448,2.76626,0.818018,-2.53997,2.11441,1.55971,1.89434,2.29206,1.79336,-1.76412,1.92462,0.911894,0.336192
-2.44697,0.761284,1.98187,2.53047,-1.98456,-1.78878,1.76421,-0.859461,3.09424,0.228888,-4.56491,0.253303,2.21052,1.81762,1.67586,-3.15092,-0.296334,0.936552,2.27662,-0.0251469,0.78756,0.151036,-2.16279,-0.566548,-0.26777,-0.0625015,-1.32139,0.555825,-2.59985,-0.565018,0.150089,0.875001
-1.96795,-0.377819,-1.13331,-1.34416,0.0121468,-1.51726,-0.13911,0.982759,-0.713518,1.93048,0.354259,-1.85387,-1.97635,1.98785,-1.4728,1.01968,-0.846215,1.27012,-2.44261,0.323127,1.16544,-1.37217,0.0247514,1.0795,1.75964,0.815332,-0.44963,-0.570146,0.631978,0.0972602,-1.57267,2.93616
1.17622,2.06366,-1.20001,0.790065,1.94184,1.73623,-0.0478534,0.238471,2.13879,1.65769,-0.716147,2.2566,2.58516,-0.444042,1.82384,3.02735,0.579307,-0.779229,-0.176152,1.58965,-2.00886,0.285531,-0.83548,0.41261,1.10993,1.31172,-2.39338,-0.630762,1.97717,1.37419,-2.31831,-2.94113
1.91388,0.850544,1.34013,0.429487,-1.97934,-2.81555,-1.08765,-3.09348,3.0885,-0.430067,1.04935,1.41236,-1.89761,2.61488,-0.939571,-2.98408,0.127567,1.94079,-3.21964,2.33997,0.379772,-1.08548,1.16806,-0.824335,-0.0285044,-3.48533,1.2085,-3.96379,-0.140538,0.86407,2.30664,0.0100108
-1.90298,2.53835,-1.62398,0.925991,0.720173,2.1059,-0.993194,-0.298685,-1.96056,3.36845,-1.32758,-0.736259,-1.34294,-1.90881,-0.357614,1.52758,1.05307,-2.12058,0.97525,3.41357,0.592883,-0.627645,0.334546,0.136662,-2.22352,2.48219,-0.615558,1.21854,0.0285348,-0.237586,2.64745,-1.52907
-1.67123,-0.677022,-0.00311306,-0.4897,0.423139,-0.144291,0.18546,1.62396,1.2538,2.14704,-2.50973,-0.633867,-2.01669,0.497757,-0.417493,-0.338573,1.72778,-0.36488,-0.659173,0.189428,-1.28745,-2.07175,0.573443,0.202674,-1.74358,-0.900082,-2.0152,2.48696,0.117313,-0.138614,2.79916,-2.93841
-0.58031,-0.541063,-0.0180664,-0.580468,-2.43147,-1.77334,-0.880459,1.25907,-1.87249,-2.321,1.20133,-0.142125,0.166662,-2.67439,-0.0791368,1.09278,-0.846125,-2.59117,0.149175,0.191657,0.734581,-0.568194,-0.565907,-2.24744,-0.0469325,-1.57921,0.77456,2.48762,-1.85565,0.028504,0.885494,0.207709
1.1616,-2.59773,-0.399946,1.9455,0.273751,-0.998021,-0.243873,0.733838,-0.22886,2.13697,-0.434919,0.600993,-0.984806,0.882836,-0.714318,0.501725,0.675771,0.547929,1.52785,0.157384,-1.8454,0.386029,3.2751,-0.555467,1.88903,1.07485,2.04858,-1.13651,-1.19465,-0.666278,1.06409,-0.0193794
-1.11472,-2.30113,-13.1041,-11.8448,-18.5096,-0.888394,-5.86088,-4.92327,1.13776,-5.23125,-3.35266,-2.90304,-9.17029,-1.94431,-12.6483,-1.24775,-1.10013,-0.830534,-13.5895,2.01398,0.742271,0.365307,-5.56852,-4.65943,-0.611995,-3.35909,2.03599,-4.93044,0.0602476,-8.15182,-15.0158,0.186468
-2.20497,-1.64763,1.32344,-0.072756,1.0603,-1.52355,0.173376,1.12525,0.941649,1.94672,1.54653,1.68402,-3.22346,-0.647388,-1.79376,-1.83331,-2.77495,-0.379041,-0.170873,1.83715,-1.84021,1.79653,0.0996121,2.58144,-0.929254,-1.24879,0.677571,-2.35828,-0.0820339,-0.266155,0.563982,-1.00311
-0.503007,-0.912839,-0.171117,2.17157,1.67224,0.606036,-1.18122,0.527025,2.03262,-1.08878,-0.324198,0.218269,-1.33922,-1.5205,0.407216,-1.34086,0.664205,0.299219,0.849364,-2.43714,0.549791,-0.813135,1.43209,1.8515,0.841792,-1.69555,-1.89727,-0.929017,1.49546,0.287457,-1.08704,1.46007
1.57051,-1.03537,-0.991424,1.43553,-1.73561,1.83518,1.33555,1.26542,2.7139,-0.901029,-1.92694,0.745933,0.433764,0.690176,1.40394,1.30143,2.8406,-1.61935,-3.11259,-2.14136,1.53288,0.695062,0.773217,0.453841,-0.924558,0.0448629,-1.12376,-1.15702,0.943269,0.491958,-1.08785,-2.36922
-0.731686,-1.18766,-0.52678,-1.12656,2.01886,0.0827045,-0.0896026,1.71783,-1.24003,1.30164,-0.734703,1.80534,-0.906924,0.758751,0.847683,-0.690883,1.16691,-0.967284,-1.4673,1.22272,-1.33101,1.30131,-1.70025,-0.70474,1.19602,-1.74755,0.356853,-0.707637,1.20126,0.252632,1.81793,0.658558
-0.321175,-2.22663,-1.9701,1.33439,0.700034,-3.07351,-0.747074,0.618244,-0.408582,-0.549701,-0.22309,1.52427,0.641929,-0.774011,-1.35414,-0.612994,1.56346,3.56474,-1.05454,-2.62138,-0.748925,0.132816,0.752866,2.93234,-2.37764,1.91753,-0.642166,-0.389663,1.50072,-1.67898,-0.375195,-1.34498
-0.611408,0.577714,0.203711,1.75457,-2.54378,-1.7915,0.465529,0.958218,-1.0358,-0.715778,-0.0457811,1.11994,1.63963,-0.23548,1.9634,0.926084,-0.39375,1.72546,-0.096744,1.35768,-1.99116,1.23322,1.26524,0.564962,-3.22568,-0.0261542,2.3445,-1.88849,1.50865,2.33274,-1.1276,1.54448
-1.98276,0.60329,-0.041563,-0.622217,-0.651296,-1.92025,-1.19324,0.86547,-1.92661,1.62133,-0.260873,2.40626,-3.25096,-3.02066,1.51503,2.188,1.73559,2.26502,1.03156,0.595087,-0.177865,0.0679342,0.769768,1.86209,0.164007,0.124333,1.26017,1.275,1.41292,0.0432158,-2.13935,1.16996
-1.61824,1.90148,1.17371,-0.293649,1.73598,1.24766,1.44978,0.171092,0.451007,-0.865325,-1.78737,0.358048,0.848536,-0.59627,1.89376,-1.14701,-1.71557,-0.466445,-0.316417,-0.0450145,-4.29163,-1.05839,-0.322184,0.0405897,2.28657,0.05658,0.911587,-2.52187,1.30473,1.83728,-0.512406,1.62099
1.62685,-0.794549,2.68819,-0.747582,0.113961,2.06751,0.0899999,1.52449,-0.500351,-2.58745,-1.78613,-0.738245,-0.587603,1.56981,0.300608,0.879512,-1.30754,-0.672231,1.31763,-0.206367,-0.143192,2.02454,-0.0602133,-1.16501,-1.00894,0.243233,0.319071,0.904448,-0.81704,-1.17338,-2.14789,-0.394422
-0.452166,1.56953,-0.172949,0.908811,-0.996063,-0.294198,-1.71108,1.45592,1.24888,-0.94647,-0.508619,2.00569,-0.0525838,1.58538,1.63695,-2.6346,1.32871,-0.292855,1.64891,1.66631,1.58281,1.01584,1.13379,0.110233,1.59093,2.01279,1.19797,0.291116,-1.2767,0.257515,-2.52315,-0.828089
0.0330213,-0.63814,-0.474807,3.06308,-2.21693,0.886867,-0.570628,-1.14951,-1.19474,1.38377,0.523789,1.96991,0.912133,1.34819,1.41349,2.06955,1.55302,-3.54869,-2.21521,0.393811,-1.35963,-0.788075,2.20227,-1.59435,-1.75378,-0.521835,-1.51369,2.15576,-1.40062,-1.35185,-0.753836,1.20939
0.287356,1.47725,-0.676445,-0.791314,-1.37529,1.29826,1.20899,-1.5164,-1.6187,2.93902,1.56346,-1.89941,-0.647481,0.400835,-0.182989,-2.13361,1.97934,2.09534,-0.316079,2.11371,-0.0878273,-0.638878,2.07882,-0.349805,0.355045,-0.725853,-1.12397,-1.93823,0.648033,-3.02212,0.532249,1.40696
1.45683,0.421919,0.917692,0.551317,-1.22141,-0.286569,-1.10489,-0.064608,-0.256966,2.02662,-1.44743,0.375166,0.953219,-2.25541,-0.771142,1.44523,-0.208319,0.0750141,2.33058,-1.15824,0.583422,3.34498,0.76986,1.3466,-2.91147,-1.53783,1.49126,-0.92053,-1.70418,-1.69235,-1.57704,1.97048
-1.49711,-0.528739,1.67955,-0.153142,-1.2664,-0.994476,0.130953,1.4095,-0.817957,0.529466,-0.408978,0.235907,1.58415,-1.87457,-1.47563,2.51106,0.6285,0.847374,-2.81105,-0.601519,-1.42835,1.11527,1.82534,1.01199,0.254616,2.63423,-1.01501,-1.02908,1.6318,-2.0257,2.09458,3.33269
-1.24064,1.41499,-1.00717,-2.83202,1.62755,-0.346446,-1.03671,-0.364147,-1.50038,-2.46507,0.0111694,1.42009,-1.28669,-2.99286,-0.175335,-1.63973,-0.0119637,2.37166,-0.878017,-1.62325,-0.913541,0.459734,0.353526,-0.248848,-1.71508,-1.00528,-1.25843,-0.520221,0.144839,2.23565,0.0796225,-1.64532
-0.227546,-2.0285,-1.85992,1.50285,-0.302408,-2.93771,0.738211,-0.210884,1.0167,2.39967,-2.34404,-0.969635,0.94589,-2.03388,2.97745,1.87372,-0.744255,-1.19285,2.59492,-0.768883,0.487593,2.70882,-0.550799,-2.5862,-0.999328,-0.876982,0.932341,-0.00167833,2.58889,-1.12965,-0.67684,0.605121
0.205207,0.325205,-1.06437,-0.461345,-1.31526,-1.11365,2.01166,-0.727684,0.00134531,-0.773278,2.14436,-0.0587818,-4.11242,1.43852,-0.0663779,0.182928,-0.624954,0.537797,0.430127,2.86584,-0.153081,-2.55565,2.55965,-1.19129,-0.794824,-1.33109,-0.784264,0.590224,1.88871,1.8114,0.29722,1.51348
0.579294,0.560595,-0.0434897,-0.366252,1.71416,-0.261303,0.93955,0.965697,1.42647,2.52162,0.583209,-3.01676,0.937712,0.880273,-2.3528,-0.193793,-0.675858,0.51106,-0.20832,1.38152,-0.214364,-0.382001,-0.668233,2.30485,-1.85211,1.0383,-2.0571,0.997101,-0.81429,-0.369518,1.58541,1.44151
3.4514,0.525651,1.97119,-0.230657,1.18039,1.02408,1.73419,-0.97476,0.378247,0.492874,-1.05799,0.0495012,-0.805387,-1.91595,-2.3643,-2.58944,-0.747766,-0.708762,1.29588,1.9852,-0.828059,-3.35813,0.271676,0.585463,-2.44871,1.3903,-2.32625,0.443129,1.06213,2.20435,-0.810511,-1.08103
1.6663,-1.67605,-1.55019,0.565874,1.54173,-0.590991,0.469954,1.75786,1.39348,0.598834,-1.41585,2.66582,-0.512985,0.591693,2.03705,-0.36195,0.141911,-1.83287,-1.14457,1.33707,-1.80663,1.76947,0.129151,-0.742819,0.18677,0.80206,-1.88247,-0.115238,1.48817,-0.364637,-0.157051,-2.30235
-0.802117,-1.02927,0.460952,0.576677,-1.58583,1.11893,1.70416,2.92047,2.06586,3.06671,-0.460888,0.0356199,1.93542,-0.109989,-1.23833,-0.337504,-1.44475,-0.989653,1.53628,-0.151737,0.337291,1.47215,-0.882078,1.45904,1.25395,-2.66873,1.06503,-1.05316,-0.834499,0.279056,-2.48061,0.890042
-0.611591,-1.78796,0.428907,1.44816,0.881649,1.80609,2.27699,-1.67804,-1.81585,0.550432,-0.429644,0.450363,-1.89264,1.17639,0.999847,2.06421,-0.786799,-0.363233,1.51003,0.973938,-0.10883,0.109225,0.684007,-2.75918,1.01798,2.16188,-2.80038,1.47649,0.0768431,-1.54735,1.38823,1.92257
-0.656849,-1.2815,-0.730948,0.65273,-0.315988,0.896751,2.583,1.69429,1.11002,-1.50615,-0.0820032,1.59719,1.15149,2.25258,-2.08939,-0.463516,-1.12503,1.36002,-3.23588,0.18674,0.387677,0.400464,1.39192,0.974092,-2.27266,1.60057,1.90975,-0.31144,-2.91503,-0.0850197,-1.56785,-0.0792878
-0.26484,0.229134,0.169805,1.0531,0.676443,3.18406,0.312423,1.53844,-0.697562,-0.651448,-1.28424,0.472427,0.822779,-0.67379,1.40382,0.808223,1.05432,-0.531634,-0.857753,0.612747,1.44822,-0.967917,1.13538,-2.57662,-0.30903,1.93029,0.871975,1.55632,1.41282,1.7188,2.11195,0.187078
-0.170568,0.702811,-0.0621323,0.790008,-1.2292,2.30766,1.66375,-0.588486,-1.54079,-0.0827965,0.805231,-1.2114,-0.465199,-0.325328,-0.427931,-1.28181,1.85314,-0.979584,-0.318799,-1.34148,0.798151,0.876857,-2.42241,0.585254,-1.70406,0.755791,1.00796,0.545854,2.74636,0.259408,2.61125,-0.709377
-1.99713,0.833673,-0.943211,-1.04612,-0.600362,-1.32621,0.267404,0.337776,-0.378948,-1.23771,-1.88644,0.0728197,0.528211,0.966579,0.782311,-0.27226,1.8214,-1.47734,0.794733,-1.3821,1.56142,0.636185,1.36382,-0.402543,1.8742,0.580215,2.24983,-0.889553,-0.990628,1.38487,1.89672,1.90813
-0.0155336,0.107181,0.921105,-1.74157,-0.145879,1.94683,-1.10733,1.02286,0.782312,-0.21656,0.443253,-0.807769,1.38651,-2.23529,1.40608,-0.19541,-0.958586,1.01636,2.49711,2.29423,2.04258,1.18882,1.47364,-0.68395,0.512224,-0.323185,-1.91345,3.66937,-2.03177,1.8157,-0.828456,2.73857
-0.284708,-1.36863,-0.697165,2.78452,-1.25739,2.89303,-2.81186,-0.369822,-0.0526793,2.47182,1.08932,-0.5627,-0.394421,2.67516,0.064211,-2.73717,-0.0154415,-0.942043,0.812017,-1.14713,-2.42366,-2.20547,1.19919,0.336772,-1.46153,1.14093,0.507675,-1.90329,-0.766265,1.97714,1.01968,2.24024
-0.0896327,-1.61657,1.15378,1.66304,0.0915246,1.37468,-0.377117,1.85513,0.696219,-1.27213,1.22941,-2.2686,2.74936,-1.4865,0.779661,1.48405,-0.571399,-0.725303,-0.925445,3.16504,-1.36595,1.05893,0.283879,1.4182,-1.29115,-0.938597,-2.9711,1.28767,-0.20191,2.38631,0.965267,-2.67406
-1.19242,-1.89184,0.152775,1.29801,2.67373,-0.858642,0.657612,0.762535,1.67516,-3.18706,-1.2396,0.104714,0.0803881,-0.449206,2.00733,-0.975801,0.944173,-1.56597,-0.609764,0.61388,0.99118,1.23054,-0.439161,0.472151,-0.280832,-0.800378,-1.9259,-2.36671,-0.874874,0.617908,-0.0541095,0.0431194
1.37749,0.547593,-0.625538,1.27373,-0.856411,-2.42677,2.33663,0.829986,-0.587936,-1.72558,1.97751,0.376354,2.78271,1.91247,2.1123,-0.0039668,-0.926968,-0.814631,1.28339,-0.56923,2.67104,-1.51247,-3.50828,0.37477,1.76788,1.84622,-1.31831,-0.789179,-0.602068,-1.16294,0.110813,2.37124
2.05792,-0.779507,-2.63259,1.92495,1.52568,0.211462,0.27836,-0.249577,-2.31242,-1.16456,-1.25623,0.501145,-2.01478,-2.43319,-1.32164,-3.3549,1.9544,-0.399548,-1.14167,0.642537,2.84488,0.0738549,1.89118,2.30098,2.17456,1.07199,1.0828,-0.0388505,0.557147,0.305886,1.24732,0.907407
-6.64194,0.12502,-0.0176095,0.516634,-6.31112,-14.7522,-1.88125,-0.773187,-2.92044,-1.18693,-7.56995,0.247567,-1.86578,-1.37449,-16.5883,-2.62837,0.611347,-9.52043,-2.20206,-1.11569,-5.65685,-0.674154,-1.72583,-0.152379,-0.942628,0.848262,0.631367,-2.57059,-0.918088,-4.38706,-2.8187,0.246102
-0.0562456,-0.610126,-0.408032,0.603076,-1.74184,-0.651967,-0.396496,-1.67204,2.51201,-0.43083,-0.519883,1.62747,2.82903,0.941099,-0.386425,2.84832,-0.248882,-1.49226,-0.785273,-0.920255,-1.9892,-1.29649,-0.378307,-0.0542658,0.95236,0.0430904,0.297852,0.164373,0.281777,0.612384,0.831904,1.9408
-2.57423,-0.679587,2.02008,0.955967,1.44509,-1.35618,1.66903,0.553545,-0.738243,-0.675009,0.164428,-0.520616,-1.33817,0.351878,-1.76827,-1.59893,0.808465,-0.140873,1.81286,-1.81054,0.585101,0.935084,-1.55022,0.84405,-2.55837,0.644546,0.312571,3.60961,1.35963,2.12421,-3.02414,-1.76367
-2.79335,-0.0569515,2.50871,1.29795,1.14264,1.22449,3.01715,2.51549,-1.23206,-2.71419,1.29503,-0.814536,0.624775,3.01639,0.0187383,-2.34261,0.493852,2.02713,0.806604,-1.91186,1.98822,2.07919,-1.60936,-1.73229,1.23429,-1.40617,-0.515824,3.29554,-0.256173,-2.10093,3.65325,2.01044
-3.85812,-0.29841,-1.16547,1.46494,-3.00562,-0.338752,-1.97476,3.07162,-0.299601,-0.705435,0.439283,0.683188,2.28174,-0.820979,0.691427,-1.69494,0.545242,0.429516,1.74602,1.20854,-1.5602,-0.519027,0.513901,2.26654,-0.77392,-2.72762,-0.19309,-1.72735,-1.23872,0.630325,-1.57503,0.426251
1.46331,1.41154,0.891935,-1.69533,-0.465466,-3.4269,1.50999,-1.22312,1.79621,2.08332,-0.530686,0.720145,1.59073,-0.682206,2.56246,1.78445,0.344097,3.13314,-0.114413,1.35203,0.840907,-1.95862,-1.67387,-0.355663,0.998204,0.109683,1.00982,0.370861,-0.47142,0.0599988,2.41236,-1.46598
-0.816556,1.07578,2.36244,1.9502,0.717246,0.631336,0.167486,1.81655,-0.775659,-2.29634,-0.469772,-1.24064,-0.544175,1.42677,0.113158,0.59566,0.788714,-1.48314,1.19084,-0.686908,1.01117,-0.717612,0.120579,-2.85177,-0.929321,-0.624286,-1.9372,-1.31675,0.993472,0.722251,1.31809,-2.2689
2.27385,-1.57747,0.18363,0.173258,3.05808,-1.11697,1.81935,-0.129643,1.12159,0.970397,-1.26164,-0.821095,1.10253,-2.62161,0.893277,-0.598711,3.1088,-0.203162,-1.81924,1.37278,-1.2519,0.348645,0.867702,2.07801,1.16568,-0.620991,-0.654164,-1.66661,2.28343,0.377387,-0.588641,1.26008
-0.0786769,0.61263,0.144261,1.05533,2.87363,-1.35121,0.190344,0.27372,1.46784,-1.53581,2.7593,-1.49446,-2.15916,0.284524,-1.76205,-0.29713,-2.01923,-0.00463943,-0.164312,-0.624165,-0.41969,2.4684,1.37035,-0.716151,2.32694,-2.15348,-1.21305,0.533037,2.51289,1.41594,-2.29124,0.97824
-1.13892,2.90557,-0.797601,-0.595417,-2.0126,-0.179966,1.64504,2.12265,1.14081,-3.36131,-1.63072,0.888423,-0.657156,-0.390575,-1.78784,1.4366,0.797907,-2.65878,1.49141,-0.723747,-1.59001,-1.3414,0.723594,-1.12534,-2.74025,1.00589,1.37287,-0.0580443,-1.21501,0.545243,0.781459,0.416944
-1.42338,-0.4579,0.846647,-1.92923,-1.75978,0.591815,-2.53782,-0.157476,2.08079,-0.58278,1.88068,-1.17005,1.19901,0.781087,-0.816125,3.49562,1.53527,-2.28337,0.323344,-1.38383,1.19862,-0.851101,2.24925,-1.83062,-1.68827,-0.497813,-0.733054,1.80349,0.0440086,1.2707,1.2161,-2.40748
-2.21182,-0.949126,-0.689659,0.16129,-0.322825,0.309611,-2.635,-2.79815,-2.0932,-0.514297,-0.689535,-0.862815,-1.00076,1.1124,1.84802,-1.23188,0.208378,1.83166,-1.22581,0.617512,-0.30189,-0.880398,-0.00701938,-1.0502,3.38871,1.46364,-0.397107,0.793542,1.44771,0.525865,-2.20893,1.95575
0.0853297,0.190557,1.97183,-1.67913,0.75823,1.78966,-1.2155,-1.01703,4.26082,2.5049,0.646562,-0.247627,-0.328682,-1.75978,-0.0262456,0.739159,-2.91623,-0.20249,-0.763878,-2.08093,-0.343211,-0.682577,0.457533,0.559104,0.17951,1.54485,0.560624,0.728965,-0.664634,-0.764212,-0.801141,1.06161
-1.28465,0.352061,-1.76605,-0.09946,-1.7662,-3.98627,-0.382885,2.13868,-0.0952791,-0.968047,0.555986,1.26597,1.5905,-1.29771,-0.624012,-1.369,1.13785,-0.228461,-0.930296,-2.19339,-0.828699,-1.04679,-1.09158,2.36086,-0.443248,0.644306,-1.27253,-1.0391,-2.38215,-0.842494,1.33943,-0.516374
-1.55938,-1.88934,0.305277,-0.812159,-1.64684,1.73522,-1.43169,1.68096,-1.12852,2.46474,2.32884,-2.57006,-2.37956,2.06507,-0.493271,1.32264,0.391766,-2.01767,1.82269,-1.64373,1.27854,-0.438398,-0.128397,0.0914331,0.944057,-0.985504,-2.39845,2.20698,-0.914454,1.29502,-0.525193,-2.56362
0.976959,3.17167,1.77325,0.445479,0.371411,1.79743,-1.47148,-0.249493,1.38957,1.23682,0.181219,-0.25074,-1.17118,0.320627,0.794397,0.252205,2.59231,1.42668,-1.05124,-0.112491,1.00876,-0.140111,2.26905,0.0436418,0.281719,-1.05335,3.90762,-0.983125,-1.36061,0.772882,1.27561,-2.0922
-3.67558,-1.05521,1.3784,-0.50728,0.12564,0.0613417,1.88904,0.502274,1.8637,1.09388,0.756676,-1.99579,1.60137,-0.541948,0.156562,-0.0369323,-0.167699,3.03747,-0.723166,1.18708,1.19626,-0.43147,1.08615,-1.65929,-1.08243,4.24606,0.942017,0.916591,-1.92691,0.0631467,0.633381,0.800532
-2.975,-1.72506,-1.33439,0.600971,-1.17835,1.04852,-1.04441,-0.314218,-0.758814,1.04795,-1.34788,1.54206,-0.057981,1.56712,-2.01874,1.55144,-0.0602438,-0.0683612,0.286172,-1.45466,-1.87171,-0.369275,-0.985688,0.778219,0.984158,0.147099,-1.74868,2.91373,0.717706,2.42891,-0.517166,0.192878
-0.317454,-1.13413,0.791833,-1.49992,0.857936,0.422253,1.01883,0.409527,-1.2028,2.96256,0.925812,1.30568,2.24001,0.514143,1.07761,-1.60479,-0.730735,-1.567,-1.02594,-0.990997,0.0505388,-1.02768,0.518847,0.517655,-1.80371,2.43691,-1.14106,-0.452376,1.61605,0.811945,-0.755424,-0.273446
2.6429,-1.77782,1.34486,1.87627,-1.84216,-1.03721,0.322031,-1.25553,1.04813,1.20936,-0.499222,-2.29834,0.158145,1.16791,-1.32169,-1.49321,-0.564711,-0.777825,-1.38181,0.0458995,-2.74233,1.14976,-0.973083,-0.92291,-1.02207,-1.33036,2.14594,-0.288247,-1.07041,-2.26777,-1.0889,0.73723
3.50395,-1.6455,2.18666,-1.45775,2.90805,-0.443829,0.720849,0.011139,0.520158,1.49833,0.73864,0.385387,1.8269,1.64824,-0.477554,-1.75283,2.54261,-1.82464,-2.12164,0.437422,2.14014,-0.58315,-2.80435,1.5985,-1.53367,-2.30659,-1.81884,-2.10899,-0.493576,2.6597,-1.71206,3.10721
-0.646565,0.153329,-0.0419935,-2.28464,1.33475,-0.719962,1.5583,-0.731741,-1.76723,-0.10773,-0.732506,-0.641131,-1.7019,-1.50555,-2.07431,-1.26872,-1.41432,-0.354199,1.11142,-0.633808,0.962027,-1.5382,-2.23572,-1.53722,-1.83227,-1.26274,-2.4373,-2.48158,0.711751,-2.15375,0.69628,0.0248417
0.0574053,0.126011,-0.358531,-1.004,2.15869,-1.82727,-2.55956,-3.36158,-0.0887784,0.732475,-0.0278948,-0.154088,1.21372,-2.12043,1.9638,-0.923586,-1.2476,1.3024,-0.320265,3.28248,-0.519273,-0.91641,1.35975,-0.491013,0.738609,0.149721,0.943632,-0.958372,0.0616166,1.52427,-2.51509,-0.817584
-2.29212,-1.24564,-0.84317,-2.80003,2.00787,2.72531,0.85931,2.33635,-0.836945,0.128544,-2.40236,1.06474,-0.583446,1.37456,-0.605975,-0.704886,3.31602,-1.81512,-2.18527,-0.109258,-0.29841,-1.73525,0.75393,-1.01688,1.57039,0.939599,-0.279428,0.586109,-0.628864,-0.718498,-2.43818,0.255928
0.362194,-1.11408,-1.35056,-0.451705,1.71609,0.179084,-1.17045,0.731656,0.129277,-2.22947,1.75738,1.75031,-1.10727,2.32716,2.65572,0.597979,1.17188,0.144078,-0.10242,0.705647,0.213629,0.534503,-0.853298,1.7923,-0.846159,1.15183,0.176487,0.909974,0.553209,0.993804,1.95911,0.402783
-0.273405,0.351329,0.400494,-0.0828271,-1.96597,2.53825,2.14057,-1.39606,1.80013,-0.92007,-1.58964,-0.419296,1.63464,-1.66374,1.92166,1.46663,1.42827,-0.512829,-0.351512,1.94469,-1.70556,-1.89459,-1.85149,1.17004,0.0349136,-1.18954,-0.470412,-1.63366,1.77275,1.40437,-0.987484,0.290873
0.386425,-1.75388,-1.84112,0.788903,2.23584,1.02753,-0.325444,-2.39163,1.47191,1.00461,-1.29014,0.319834,-1.3837,-0.450271,-2.5409,0.716208,0.0634791,-2.74026,0.243659,0.889066,1.03928,-0.300913,-0.777854,1.06527,0.738246,0.795068,-1.55141,1.29676,0.715506,-1.44456,-2.3368,-1.41499
-0.971954,-0.867668,1.23051,-2.71731,1.8768,-0.142674,1.91956,-1.17051,-0.202643,0.313944,-1.02356,1.35765,-0.99231,-0.425004,0.607441,-1.70614,0.269631,2.16864,0.968841,2.22752,0.673147,-1.23208,2.42784,-0.785916,-0.0822102,1.35618,-1.77129,0.54091,1.5345,-0.119175,-0.481277,-3.58504
0.132266,-0.97824,-1.3289,0.562395,-1.88073,2.85007,2.68191,-0.585467,0.268745,0.784446,0.750939,0.463788,1.96289,-0.996246,-0.674393,-1.29829,-2.40586,2.68389,1.22318,1.13608,0.433485,3.04249,-1.37556,-1.59008,0.524065,-1.39763,0.0109253,-0.603755,2.64132,1.7282,-0.677759,0.30305
-1.85113,-1.06692,-1.70282,2.98789,-0.761802,0.796992,0.427935,-2.00384,0.832302,0.377305,2.30149,1.08945,-1.65554,1.07596,-0.50093,-3.02206,1.17121,-1.12846,0.226569,-2.08283,-2.6404,1.97462,2.69564,0.137089,-1.43077,1.66151,0.539446,0.0584121,0.448927,-1.74288,1.74914,1.05332
-0.584979,-0.617511,0.837116,1.25541,-1.0181,-3.0925,-0.808314,-1.04266,1.19297,-0.0888693,1.41441,-1.13883,1.00815,-1.70949,2.18601,-0.179998,-0.0766014,-1.48692,-0.444288,3.17005,0.965666,-2.50597,1.76544,-0.810084,-0.375929,-1.03629,1.34331,1.06784,-0.596367,-0.236096,1.24998,-1.18342
-0.284798,-0.602561,0.368114,1.04566,0.320689,-2.45298,-0.160955,1.85693,-0.903989,-2.32444,0.142576,-1.71813,1.22379,0.227606,1.19901,1.68529,-2.07465,0.00460845,0.577899,-0.104797,-2.0951,1.97931,-0.638478,0.215827,0.0639096,-3.07797,-0.874539,2.26695,-1.20655,-1.28605,0.857818,2.86056
-0.687096,-0.920229,-0.28095,0.535539,-0.732076,-1.44942,-1.67558,0.962218,-1.99915,0.307107,1.11832,0.857352,-1.88821,1.36543,-0.355998,-1.55144,-0.220924,-1.25629,-0.235543,-2.02326,0.999603,1.57628,1.27949,2.84017,0.153141,-1.4005,-1.30534,-0.302509,-0.987547,-0.882165,1.16184,1.97632
0.0614058,-1.90091,-0.442397,-9.68448,-0.862453,-1.95729,-1.21717,-5.92676,-15.5615,-1.99366,-6.40633,1.90276,-16.4606,-5.593,-9.3445,0.45146,-4.02369,-8.13531,-12.1072,-1.53117,-30.6579,-11.8316,-12.1959,0.100711,-3.19659,-8.90795,-1.43666,-1.56395,-2.83277,-3.33041,-11.4926,-8.87343
-1.88406,0.0636005,-0.0739769,1.8269,0.83551,-0.142308,-2.43153,1.99146,-1.36418,0.203379,1.59618,-2.08097,-2.69533,1.44266,1.03745,2.39161,0.604266,-1.38178,-0.0415667,-0.0875277,-1.8396,0.78561,-4.40447,-0.68758,-2.33213,-0.19953,-0.361798,0.791651,0.243783,0.773583,-0.109286,2.22956
-1.80169,1.22709,1.73397,-1.67486,3.23302,-0.313883,0.193732,1.31235,-0.631551,-0.572374,-1.32953,2.93821,-0.363933,0.0390023,0.745875,0.463302,-0.665273,-0.419874,-0.198371,-1.09607,-2.15521,-0.170049,-2.76538,0.452163,1.26987,-2.00867,0.10242,0.924248,0.0290542,-2.49257,-2.84591,3.01138
-0.841395,-1.33192,1.72484,2.12641,2.09375,0.607684,1.62819,-1.12235,-0.70492,0.247626,-0.256538,-0.808069,2.68816,-0.0780665,-1.6632,0.675804,-1.04761,0.204875,-0.619648,1.71008,-1.01956,0.301492,0.867215,1.51405,2.85457,-0.784539,1.99096,-1.76504,-1.05653,1.51298,1.78409,0.899683
0.69866,2.40724,0.280465,1.41972,-2.35832,-0.577471,1.04593,-0.525775,-0.215705,0.977237,-1.3393,0.604019,0.258431,-1.04038,-0.0852682,-0.0229551,-2.02976,2.07776,-0.213145,1.39243,1.2158,-2.23917,0.687886,0.680567,-1.51442,-0.194526,2.05258,-0.445327,0.78048,-0.365459,0.258644,2.29396
-1.19468,-0.96237,-1.34959,-0.530533,-0.0111699,-0.59188,-0.783898,-1.02213,1.31528,0.56859,1.84228,-1.40562,-0.437206,-0.928831,1.69555,-3.17243,1.14414,0.0216675,3.01011,-0.134739,2.03674,1.47603,-0.768762,-0.72488,-0.671586,-0.0664081,-0.0642414,2.35085,2.85513,-0.834527,1.69109,-0.625477
-0.456709,-1.39759,-1.22004,-2.09448,-1.61952,-2.96469,0.524434,-2.16251,0.796464,-1.73632,-2.26804,-1.381,0.675986,-2.13895,-2.52919,-0.661519,0.34193,-2.6965,0.421831,-0.986849,0.893576,-1.09042,-3.88564,-1.23716,-1.64891,0.96997,-2.18684,-2.19673,-0.25248,1.47404,-1.20273,-1.29051
2.08423,2.37123,-0.473465,0.43495,-0.0931426,-1.20731,-0.71163,-1.02218,2.13246,-1.33677,1.39048,-0.192205,-1.10794,-1.98733,1.51979,0.0716269,0.646748,1.38902,0.330181,-0.414379,-1.47107,0.320259,1.54112,1.76379,-2.93134,0.180548,-0.589191,-0.968412,0.149114,0.736078,-0.688986,-0.611193
-1.20524,2.52052,-0.689657,-0.97437,1.21723,-1.11316,-1.42967,1.85083,-0.796042,0.141087,-2.40944,-1.07578,-0.207619,-1.64046,-2.63069,1.58953,1.46464,-3.84454,-1.11167,-1.02069,1.1423,1.79016,1.02298,-2.29926,0.884793,-3.07078,-2.82845,0.589251,-0.784722,0.885255,1.39665,-0.654042
-0.535203,2.07588,-0.50087,-0.605975,-2.59023,1.96763,-0.105045,-1.12168,0.268865,-0.666862,2.91015,1.63658,1.65497,0.553118,-0.721,0.693198,-0.212043,-1.21495,-0.826439,0.0775168,-0.589438,-0.848357,0.240244,1.02639,-1.0715,-1.51134,-2.30836,0.00384604,-0.37196,0.297429,1.03602,-0.0628678
-0.823052,-2.46287,0.301218,-2.06769,-0.962496,-2.67082,1.24345,1.55397,0.340349,1.11094,-0.465895,0.196997,2.77206,0.357004,1.10007,1.06089,1.54631,-0.977691,-0.149266,1.28037,1.90943,0.733759,-2.32277,0.663411,-2.06482,-1.3917,0.760399,-0.621664,-0.476884,0.167821,0.64977,0.448497
0.0185557,0.798273,0.909879,1.30729,-0.334236,-0.205757,0.202028,-0.175787,0.747459,-0.0317995,-2.48842,1.77496,-0.922359,2.24837,0.300057,3.05405,-3.39445,1.6703,-2.64711,-0.625266,0.850917,0.747551,0.526014,-0.416212,0.101565,1.2327,2.33921,-0.578234,-2.98885,0.479017,1.85464,-1.08963
1.24033,1.63655,-0.241554,-1.14883,0.560076,-0.0421761,0.631272,-0.794058,0.29371,0.549943,-3.15305,0.409894,0.732878,-1.1348,-0.0475485,-0.309549,-1.89267,0.717582,0.764061,-2.313,0.786886,1.41612,-0.865137,1.7066,-0.774714,-0.0885656,0.17658,1.44431,-0.586564,-1.76639,0.199438,0.78457
0.267068,1.23607,0.218512,-1.16569,1.62114,0.693684,-0.364939,2.15833,-1.96558,-2.28944,0.61031,0.274723,0.985226,0.259589,1.437,0.961823,0.751,-0.129826,0.989196,-1.25743,0.565019,-1.45159,0.661275,-3.87746,0.765221,-0.989594,-0.22544,-0.738088,0.479508,-2.44636,-0.917476,1.7098
-0.0917692,-1.50725,0.170415,0.379737,-2.01541,2.52815,0.334425,-0.660543,-0.445265,1.06607,1.0048,-0.482924,0.112216,1.37282,1.17151,-1.00162,-2.18017,-0.103579,-1.70498,-1.28071,0.478469,-3.67216,0.0787379,-0.175787,3.19209,0.731006,-0.704672,1.721,-1.96026,0.568318,-0.359084,-1.42656
1.04306,0.600787,2.44868,0.675744,1.01999,-0.292126,-0.910489,-1.26139,-2.50828,0.120823,-2.41847,-0.817018,2.00131,1.68053,0.206977,-0.503982,0.0402846,1.98202,0.38551,-0.504441,-1.39891,-0.691005,-2.65347,0.865929,-1.77679,2.30387,-0.508011,0.175084,0.444101,0.855007,-0.621204,2.0571
1.8489,1.47304,-0.966427,-0.519974,0.807031,-1.5612,1.07205,0.23188,0.462477,-0.918637,0.471909,0.184215,-2.23212,-2.49364,2.50248,-0.0743435,1.08591,-1.73004,1.68584,0.338847,2.10712,0.749596,-1.6379,-0.193945,-0.95407,1.22452,-0.669148,-0.553425,0.907956,-0.610461,-0.730186,-2.65701
0.525409,0.214454,1.62029,-0.0954005,1.83881,1.08905,0.286752,-0.370525,0.240577,-1.09207,-2.00278,-2.03418,0.191534,-0.0808113,-0.0434884,3.34239,-1.88031,0.160375,0.51674,0.761282,0.997193,-2.50868,-1.04825,2.16294,-2.12861,0.780663,-1.28105,-1.69134,1.29774,0.159856,-0.196719,-0.871611
-0.601276,-1.24717,0.467601,1.32114,1.18863,-0.458331,2.89761,1.88235,-2.03696,-2.41316,3.74807,-1.17194,-0.852107,-1.27598,0.899381,0.84161,-1.93378,1.44548,1.13733,-1.29075,1.81979,-2.40418,-1.35234,-0.755821,-1.01822,-0.786248,-0.592517,-0.900907,1.07325,0.70956,-0.702843,0.636674
-0.467452,-2.30915,-0.837789,0.760886,0.831813,-1.96929,-1.52092,-3.1287,1.11491,-1.67928,-1.03138,-0.62798,-0.56502,-1.49992,0.304392,-1.86135,1.34519,-1.26576,-0.105716,-0.847071,1.40666,-1.86694,0.0560934,-0.942653,-1.47428,1.06852,1.49998,-2.89938,-2.07947,-1.34794,1.0683,-3.31157
1.38506,1.10398,2.61128,-0.497392,-1.75417,0.634873,1.67595,0.945894,1.2674,0.824239,3.07541,2.10065,-1.29017,0.777123,0.589099,0.159978,-0.936918,1.3324,2.84121,-1.54097,-0.203528,0.704795,-0.512686,1.61474,0.5735,0.661153,1.36912,-1.05557,-1.58136,-0.703391,1.10608,1.22428
-0.414533,-0.594775,2.04535,0.179928,0.594136,-0.238167,1.30488,1.37376,0.509592,0.765282,-1.64128,-0.594439,-1.14762,3.25062,0.98315,-2.23793,-1.81433,0.879999,-0.52513,0.101629,-3.00482,0.13892,0.182623,1.54924,0.24272,2.50893,-1.10922,1.53197,0.868343,-0.150547,1.91098,0.65804
2.04424,-0.227912,-2.38099,-1.98233,-2.399,0.820399,-0.167516,-1.58068,-5.00344,1.11203,1.15067,-2.64968,1.62737,-1.34544,1.37742,0.442122,2.27579,-2.10657,-1.58393,1.93701,0.446546,0.0440694,-1.68025,1.16385,-0.971194,1.43144,0.319773,-1.64431,1.5136,1.29866,-1.23594,3.51561
-0.548629,1.00369,1.77771,0.721765,2.01016,0.166723,1.86962,-0.55977,-1.8323,-0.0923795,-2.28589,-0.00900357,2.60515,2.69869,-1.82294,-1.53731,0.991822,0.0247205,-1.36537,-0.117252,-0.253491,0.371777,-0.335581,1.12662,0.0751384,0.445815,-0.434951,-0.306528,-0.449965,0.986541,2.7578,0.125156
1.15311,-0.513808,-1.16105,0.704487,-0.0693378,-3.04635,1.68932,0.265633,-2.3003,2.58297,-2.42904,-1.95548,1.18387,2.65139,-0.430522,-1.33677,-0.360515,-1.22111,-1.03219,-1.05192,2.75618,0.0202613,0.358408,0.213818,-1.74651,-1.10398,0.597613,-0.218879,1.33366,-3.29128,-2.41494,1.02182
-2.51375,0.869625,1.82253,-0.740989,2.14215,1.17753,-0.577777,0.393689,2.95901,1.51848,2.08392,-0.111789,-1.97259,-0.25407,-0.363112,1.05853,3.18186,1.14341,0.212897,-0.392097,2.30171,0.520215,1.50636,-1.815,0.612324,-0.180548,0.673605,-3.71381,-0.405225,0.0306414,0.562945,-0.550249
0.148656,0.353831,0.114017,-0.191378,-0.341198,-0.516373,1.63188,0.394635,-1.83825,-1.49418,-0.0416878,2.76962,1.46251,-1.98203,-0.138493,1.33494,-1.24955,0.971194,1.82989,1.65218,-1.5858,-0.437331,-0.78225,2.5168,-1.62664,-1.08036,-3.20057,0.949062,1.40764,2.48775,1.8449,-0.22645
0.648091,-0.202974,-2.50954,-0.736716,-0.354934,0.741487,0.411389,0.828883,0.959655,1.46443,-0.235115,1.72106,2.37302,1.21409,-0.199042,1.36107,-2.81366,0.0054933,-1.74517,-2.53028,0.143132,-0.831264,-0.405712,0.744163,-0.807215,-0.837306,2.58123,-1.44505,-0.620502,-0.779382,-1.43986,-2.46434
-0.633318,0.0815457,-1.42923,2.1665,0.837947,0.740501,-1.54283,0.434126,-0.127048,0.808161,-0.455337,0.277509,-3.23917,-2.39134,-0.0861888,-0.176,-1.23872,0.534868,-1.33824,1.68663,1.57718,0.905877,-1.38927,0.714832,1.28379,0.57171,-1.53643,0.312941,0.295206,1.04361,0.430129,-1.46056
2.55373,0.838099,-0.249001,0.505478,-0.96756,0.217471,-0.4167,-0.878689,-1.43058,-0.0750759,1.07721,-1.62703,-0.905454,-0.133153,1.70599,-0.835169,-2.55516,-0.435469,2.28458,2.34934,-0.97235,-0.344798,-1.08838,-0.102542,0.693441,1.38939,0.990014,-0.104312,-1.85229,-2.38276,-3.37413,-0.896237
-2.97452,1.09135,-0.185733,-2.75695,0.50557,-0.933134,0.97177,0.272927,-0.498918,-0.356463,0.135837,-1.99343,-0.260231,-2.22032,0.624653,-1.53795,0.125584,-0.510082,1.99682,-1.51033,-0.196476,1.62853,-2.71799,0.174748,-1.89853,1.51531,-0.310984,-0.996579,-1.63219,-1.04389,-1.34321,1.81237
0.00244383,0.671925,0.580649,-1.65205,0.151982,-1.07419,1.16621,1.29698,0.586502,1.45204,1.37626,-0.0234391,2.8186,1.18375,-0.662496,0.213384,-0.971556,-1.74194,2.40016,0.809045,0.756434,-2.03933,-1.48296,0.0937834,-2.33466,-1.47432,-0.664659,1.85773,1.06623,1.68978,2.27179,1.48872
-0.83227,-1.6826,-3.50481,2.81509,0.987976,-1.84216,0.312021,0.368929,-1.89871,0.125064,-2.48481,0.911801,0.36549,-1.13139,0.708701,1.42644,-0.299203,0.0552689,2.94651,0.336556,-2.40696,0.126988,0.527482,-1.16196,-0.583728,-1.21,2.4427,0.46443,-3.37221,1.21247,0.270455,-0.3614
-6.49256,-3.82952,-0.32575,-5.56202,-3.12646,-35.2071,-13.31,-13.291,-2.5146,0.739084,-1.60332,-1.1078,-1.33137,-4.86299,-2.71105,-5.94501,-1.87752,-1.72605,-24.1823,-14.9067,-2.37935,-4.43859,-1.89348,-9.15143,-0.372356,-1.22028,-5.76087,-2.34061,-7.02212,-15.0224,-3.85221,-6.36784
2.23487,-0.928677,-0.548571,-1.72823,-2.24891,-1.3076,1.2635,-0.026948,-3.11793,-1.16361,2.11743,1.31571,-1.14509,0.352306,1.13929,1.30272,-1.38432,-2.84323,-2.31129,0.512437,0.13303,1.18025,1.90649,-1.27476,1.74289,-2.64568,1.22459,1.30485,-1.95562,1.35826,0.860163,0.053652
-0.648885,-1.4398,0.519422,1.19346,-0.690542,2.96357,-2.14652,0.615863,-1.64314,3.32039,1.45634,-1.90909,1.30848,0.320566,-1.30815,1.50209,-2.23487,-2.88503,0.429578,-0.156774,-1.96393,0.943574,-1.37867,0.936913,0.97684,-0.103432,-1.70897,-0.289199,1.06021,-0.267346,-2.40361,1.70474
-1.49553,-1.9234,-2.07806,3.18937,1.88529,-0.272164,1.49992,1.43935,0.582721,2.11847,0.795071,-1.42216,1.20741,1.78057,0.50185,-0.5854,1.9672,-1.39683,0.612873,-0.47582,-0.564775,-2.13639,-1.30894,-0.0118366,1.81817,-2.03515,1.34983,2.79485,-2.06117,0.364177,-1.07108,-0.153932
0.338943,-0.520768,3.03042,0.508961,0.730854,-1.23408,0.13892,0.732623,-0.0539574,-0.060732,-1.51643,1.35465,0.234046,3.69921,0.479171,3.34428,-0.229377,-0.929959,1.72991,-0.810571,1.58064,-1.45479,-0.749139,2.2187,0.768639,-1.37339,1.17075,1.07968,-0.612018,2.4601,-0.204749,0.314859
-0.022553,0.220038,-0.237037,-0.15964,0.812647,-0.979829,-1.48033,1.97583,-0.269693,1.0571,0.914701,0.324503,0.875572,1.04947,-1.22318,-1.09778,-1.2335,-0.213508,-0.490464,-0.940024,0.639636,0.920408,-1.96445,-1.87536,-1.27506,0.993011,-1.47508,-0.0354006,-0.210699,-2.22004,2.03162,-1.64015
-1.13663,-0.259164,1.46121,1.64175,-1.53227,-0.399553,0.865841,0.972127,-1.75048,0.103611,1.63045,-0.955992,-0.329356,0.00787399,1.08792,-3.82506,-0.167424,-0.827143,-1.11405,-1.16407,1.55061,-1.71584,-2.32697,-0.625568,1.49303,-0.721304,1.51011,-1.23777,-1.13691,0.940724,-1.60189,0.609179
0.747398,3.16114,-1.32454,-0.330217,-0.89764,-0.784356,-1.19361,0.313761,-3.34135,-2.2878,-0.979426,-0.19602,-1.69188,0.435896,-0.945039,1.55456,1.05985,-1.62448,-0.385265,1.39091,-0.746602,0.841975,0.779721,1.18656,-1.37285,-0.831998,-1.68648,-2.23524,0.586322,1.4304,-0.503926,0.413312
1.68117,-0.795184,-0.701038,-1.04752,0.483047,-0.490315,-0.480361,-0.914578,-0.450484,-1.6921,1.15281,1.99188,-0.125187,-1.46181,-1.50554,-2.47744,-0.63991,0.970153,0.599536,-0.284799,1.46235,-2.92917,-2.3998,-0.301524,1.40489,0.276131,-0.529069,1.08335,0.784569,-2.34077,2.30336,3.73358
0.536703,-1.65847,0.803647,2.12574,-2.11591,3.19493,-0.537889,-2.27012,-0.635029,-0.674398,-2.68776,-0.516069,-1.39619,-1.05459,-0.723899,-2.02936,2.43199,-0.767418,-0.761313,-0.604843,-1.1196,0.745716,1.44877,0.626972,1.0198,0.158726,0.723995,-1.62371,-0.179327,-0.0452892,2.10253,0.946536
0.777917,1.48268,2.1485,0.392742,1.49266,0.293036,-3.02622,3.11093,-1.08722,1.41758,-1.87783,0.333843,-0.728845,-0.916105,-1.96621,-2.2501,0.807337,3.16606,-2.12765,-0.737114,1.32896,-2.06751,-1.83416,-0.245125,1.91174,-1.56248,0.78011,1.26634,-0.646352,-0.819547,0.844752,1.66814
-2.38127,-3.22661,0.11893,1.06381,-1.15001,-0.331369,1.49843,0.531572,3.79485,-0.370128,0.639452,0.899869,1.1941,-1.6295,-2.43495,0.506912,-2.42243,-0.754906,1.78655,-1.18378,-2.36622,0.924714,-0.385078,1.66338,2.01904,-2.21419,1.13331,1.40776,-1.37632,1.64407,-1.46129,-0.0847163
1.38822,-1.36842,2.43889,1.27232,-0.359022,-0.495011,0.638634,-0.967807,0.441328,0.5085,-1.09806,-0.634419,-0.764769,1.13752,0.833367,-2.60188,-0.414467,-0.914519,0.592243,0.0638444,-1.84204,-1.46321,-1.90671,1.59582,-1.50713,1.33732,-1.04871,0.858483,-1.38884,-2.29548,2.13318,0.106449
0.675195,-0.246651,-0.842188,1.49199,-0.314066,-0.140261,0.000182487,-0.852687,0.225165,-1.06763,-0.462598,-0.419904,-1.16205,-0.28251,1.94537,2.15696,0.5533,0.836635,0.964873,1.56319,1.16761,-0.539934,1.56615,1.46812,0.684957,-1.60741,-1.11503,0.366344,-0.30839,0.282815,1.24729,-0.563858
-1.69115,0.485702,-1.04651,1.35889,-1.59022,-0.698844,1.86133,1.86782,0.89584,0.0191079,1.09564,1.34101,-0.531326,-1.09488,-0.633015,-1.52928,1.28587,1.96576,-0.214054,1.78054,-1.26133,0.429945,0.342662,0.476269,1.39091,1.91113,-2.20765,-0.250649,0.61086,1.61247,-0.29237,-1.63533
1.38014,-1.5266,-0.400158,-0.171148,-1.60504,2.83645,-0.227393,-2.30564,2.05125,0.512649,0.520859,2.69564,1.57061,1.34238,2.12375,0.944426,0.476148,0.459433,2.52172,0.329539,-1.08005,0.479262,-0.882167,0.821986,-2.35841,2.00998,0.0112001,-2.05676,0.0363778,-0.928005,0.754483,-3.60798
1.09537,-0.615685,0.419742,0.669766,2.87707,-3.455,0.900595,-0.0176396,0.527546,-1.18283,-1.71808,0.557696,3.11686,0.639181,-2.17951,1.81286,-2.70784,-0.525563,-1.02622,-2.36262,-0.101168,1.08594,1.74986,-0.750237,-0.979211,1.04459,0.857991,-2.91561,-0.222358,1.5971,-2.00903,-0.747636
-0.339,-0.0853299,0.944179,1.19196,1.33778,-2.2682,-1.70027,-1.24845,-0.0836814,1.9064,-0.979827,-2.38051,-2.51076,1.69005,3.36376,-1.07843,-0.830529,0.409801,1.50438,0.215705,-1.38395,-0.804041,0.904111,1.30492,1.73705,2.90957,0.155858,1.16965,0.315714,1.43987,-0.577962,2.16489
1.21735,1.25266,-1.46052,0.543866,-0.552082,-1.01907,-0.388622,0.999664,-0.381944,-1.94223,1.77649,0.923425,0.79766,-0.258613,0.485305,1.17664,1.59807,-1.74896,1.04999,1.36869,1.10978,2.59663,0.0614032,1.18418,0.454272,-0.59478,-0.824212,0.908355,0.41255,0.481246,-1.22116,-0.688101
-2.25203,-0.390486,-0.500014,1.21295,-0.0888701,1.46498,-0.756338,-0.508286,-0.550126,-0.814051,1.22081,-0.296365,-0.288557,-0.727658,-0.441176,-1.01202,2.39717,-1.19336,0.107487,1.34343,-2.82785,0.963652,2.04072,-2.20973,1.93634,-0.400374,-2.76793,-0.190133,-0.643361,0.311258,-0.59563,-0.570116
0.06293,0.726188,0.0549336,-1.38777,-0.181616,0.79989,2.87613,0.267159,-1.27824,1.36958,2.11636,0.0342724,-0.117676,-1.15915,-1.30131,-2.08473,-0.425794,-0.294107,-1.05664,0.183355,-0.080111,1.18545,-2.2638,1.70247,-0.973507,-1.85638,-0.0122989,-0.249153,1.03293,0.493423,2.5041,-0.36787
-1.16101,-0.122318,-0.631946,-0.861659,0.456981,-0.701499,-1.08414,1.76604,-1.07508,2.31165,-0.330393,-2.50957,-1.29899,0.83874,-0.947387,-1.03232,-2.01153,-1.44566,-0.75225,-0.593891,-2.22981,-1.01666,-1.00164,-0.200293,1.4185,1.89685,1.98242,-0.0995567,1.24992,1.2931,0.280525,-0.21305
1.13163,1.05966,1.52266,-1.08124,1.58672,2.09147,0.223151,2.09259,-1.31754,-1.87585,1.523,-1.99066,-2.58864,2.21607,-0.531785,0.0918602,-0.504472,-0.72549,-0.846339,-1.37623,-0.00292992,0.5417,2.59255,1.42252,-1.00214,-2.00214,-0.998992,-0.0694568,-0.197119,1.64055,0.486221,0.617878
-1.12672,3.46464,-1.62493,-2.87866,1.03534,-0.783228,-0.557634,-2.06293,0.0807217,1.06153,3.13404,-1.69283,-2.81131,-0.34962,2.4593,1.3845,-2.15895,0.140446,-0.011505,0.95825,1.13007,-1.62969,-2.94332,-1.41322,1.17325,-0.875637,-2.3603,-0.499196,-1.58983,-2.06244,1.15619,1.60256
0.767963,0.0952483,-1.81905,-0.4774,-1.48442,1.22276,-1.55498,0.63625,0.698294,-1.46431,0.35667,1.51225,0.654774,0.0817288,-1.0307,-2.2677,0.252879,-1.10599,1.61549,-3.83957,-2.68889,-2.3014,1.97949,2.44816,1.9949,0.395426,-0.359172,-1.36869,1.68123,-2.01922,-1.45186,0.332529
-1.54497,-1.52099,2.69295,0.251107,-1.2418,-0.991485,2.49825,3.24372,0.818598,-0.352003,0.924741,-2.35084,0.849086,3.07486,-1.66909,-0.135197,-1.1916,1.14304,-0.277902,-0.699325,-2.78546,2.4016,0.0215459,1.45719,-0.061773,-0.0799366,-0.1821,3.18912,0.805963,-2.9617,-0.42552,0.247566
3.2894,-1.11203,-1.31318,-0.671711,0.711753,1.14246,-0.299507,-3.23656,0.0144963,-0.246528,-0.813471,-0.479905,0.89053,-1.21744,0.318124,2.29322,-1.1124,0.238472,1.79898,2.51222,1.70101,1.11717,-1.43352,-0.498459,-1.6372,-0.106112,-1.57011,0.890835,0.202155,-1.70383,-1.7434,3.20048
2.28286,1.10425,0.844935,-0.0606704,0.616964,-0.183813,0.464217,0.0859041,-0.407788,-1.78448,0.423295,-1.2399,0.368175,0.0662216,0.353282,-0.418714,2.06586,0.84399,0.724416,0.890442,-0.791162,-1.93457,3.27519,1.31071,0.864714,-2.2422,-0.680469,1.49598,0.958281,-2.09375,0.440077,0.300669
-1.6331,1.74132,-0.830104,-0.226691,-1.13147,0.389234,1.23454,1.78466,1.53001,-0.57976,-1.19901,1.43922,-0.404737,2.175,0.965512,-0.267434,2.02594,-1.76064,-1.76946,-0.097293,0.710837,0.84463,0.999084,-0.241401,-0.114017,-2.82614,0.808253,1.32908,0.206399,0.496593,1.98157,-1.50191
-0.750092,-1.00381,-1.98499,0.0269805,-1.16553,1.26353,0.000244067,1.2411,-2.40202,0.649708,-0.0527938,-1.30156,0.964049,-0.769799,-1.10373,-1.28962,5.08482,1.34276,-0.268196,-0.0305796,1.66356,1.43617,-2.12989,-0.495682,1.67162,0.306406,1.42171,1.04511,0.727247,-1.83486,2.83306,0.279127
-0.099552,0.877464,-1.9083,2.03913,1.44969,-1.51079,2.91742,0.68471,-1.78384,-1.56997,0.199414,0.258126,1.13245,-1.23331,-0.387402,0.865596,-2.93943,-1.60619,-0.245644,-1.21763,-1.36201,-0.322793,-2.23072,0.66741,2.16456,0.551042,-1.42912,1.70727,-2.18384,0.463637,-0.877685,0.540025
-0.975375,2.00244,-3.04822,0.917812,1.05496,0.109073,1.20359,1.2783,-2.1789,1.04383,1.43278,0.220286,-1.79965,-0.51863,1.08863,-0.244937,-1.7257,1.93048,0.929747,-1.00033,2.25734,1.64144,0.961002,0.172124,0.206154,0.62389,-1.10199,1.63942,-0.483963,0.715843,1.72079,-1.2064
-1.79168,-0.814935,-1.34602,-3.10691,0.953853,1.16107,0.995086,-2.39256,-0.347022,0.441363,1.21156,1.34214,1.07465,-0.297437,0.609363,-2.77524,1.55009,1.12882,0.727746,-1.00888,0.239111,0.519059,-0.726829,2.01884,1.63019,-1.79492,-0.607624,1.33457,1.56334,3.34266,-0.041902,0.742453
-8.20764,-3.92592,-3.04513,-0.136421,-10.2621,-8.953,-9.45691,-10.898,-4.53514,-1.92437,-2.94601,-9.59693,0.226753,-0.614186,-9.2284,-4.56409,0.184148,0.545365,-7.02568,-1.82324,-11.4996,-0.114017,-15.3462,-8.50731,1.46122,-1.84643,0.591327,-2.0766,2.7809,-6.39027,-2.49214,0.111118
0.808491,-3.75408,-1.58958,0.78164,-1.31113,0.0171511,-0.782189,1.10276,-0.224672,-1.70122,2.13956,0.970184,1.3386,1.64046,0.175664,0.248207,-0.38908,0.704429,-1.8265,-2.9006,0.289744,2.66033,0.445204,2.10306,-1.6101,-1.74981,0.277291,-2.64796,-1.77401,-0.756096,0.156377,-1.12598
0.338817,-0.131013,-0.720453,0.95383,0.510331,1.09534,-0.991788,-0.610919,-0.648762,1.58385,-0.761376,-0.238648,1.50484,2.61372,1.82482,-1.17328,1.60738,0.263199,1.01968,-0.536214,-0.55443,-0.501848,-1.51195,0.854641,1.73333,-2.12509,-1.89557,-2.61218,-1.37138,-1.1395,-0.0535904,-1.33757
-1.72473,1.09381,0.655901,-1.53643,0.663076,1.4792,-1.40739,-0.347056,0.21582,-0.81082,-0.750542,-0.0042722,0.596179,-0.771354,-1.76248,0.323739,2.70531,2.70015,0.438977,-1.92754,1.37846,-0.991451,-0.437849,-1.14749,-1.39464,-0.0817899,-0.410016,-1.6458,1.22575,0.663015,-0.0647611,-2.05005
-0.825252,-0.759423,1.22575,-0.460036,1.70373,-0.989807,0.172491,2.80569,2.81304,2.87399,0.349375,1.35664,0.715232,-0.695028,2.0734,0.790368,-2.81741,0.389481,-1.06467,-0.287851,-1.98105,-1.7583,-0.695517,-2.11622,0.194587,-0.0944484,-1.26584,-0.135745,-1.11094,2.394,2.20884,0.685873
1.23133,-1.72101,-0.630666,-0.18268,-0.62447,1.90252,1.14835,-1.83688,0.314584,1.61275,0.328595,0.979795,0.90762,-1.41457,1.32725,-0.0703802,-0.564894,-2.17188,-2.69472,0.541458,0.118107,-0.280496,2.20905,-2.64083,1.33937,-0.543656,-0.404761,-0.907592,-2.96182,-1.35335,0.745658,0.318979
-0.566118,-1.94895,0.216559,-0.232856,-1.65868,1.47868,-1.42042,-0.976769,2.21058,-0.304393,0.502305,2.86434,-0.230231,1.1395,1.68212,-0.0591447,0.0949126,2.86868,0.333079,-1.86014,-0.231055,0.871456,-0.118834,0.764247,-0.755151,0.765007,0.836604,1.46904,1.13077,-0.572222,1.75875,-0.348211
0.707572,0.318889,-0.184912,2.38491,0.715291,-1.66534,0.651994,2.87694,2.56633,-0.712612,1.47933,-0.500229,-2.32636,1.21427,1.41704,-2.79422,-1.14597,0.679495,-0.406051,-0.902311,1.17899,0.131169,-2.3557,-0.483226,1.7719,-2.20036,-0.434309,-2.60138,-1.34746,-0.180116,0.734459,-0.0211496
-0.945406,0.840907,-0.643297,1.39359,-3.24854,0.290841,-0.828457,2.15408,0.441546,-0.462234,-1.6046,-1.89117,2.74748,-2.01495,2.40107,-0.399579,0.0631174,-0.603843,1.04059,1.20368,1.01798,0.609089,-0.0837765,0.575605,-0.765158,-1.88115,-1.7185,-1.20978,-0.487128,-1.08554,3.42344,-0.104618
1.27299,-3.58547,2.78179,-0.560319,0.247872,-3.5009,1.6685,-0.330459,-0.455336,-0.751365,2.224,-0.19834,1.71575,0.54494,0.52287,-1.00455,-1.1781,-0.0407121,-0.245735,-1.49987,1.21805,-0.687155,1.97614,0.763451,0.591388,0.165685,0.0378429,-0.563037,1.38956,0.32728,0.0638442,0.625236
0.305154,-2.01028,-0.269719,0.627527,-2.29096,0.363414,1.04648,-1.01724,2.73134,0.634811,2.28404,-0.113468,-0.173895,2.73754,-0.13657,0.657735,1.24461,0.415353,2.7145,0.833582,2.59621,0.895289,-1.98126,-0.503468,-1.33726,1.99195,-0.72781,-1.47435,-1.96851,-0.148289,2.34138,-0.563799
-0.925229,-1.82879,1.42808,3.31731,-1.9339,-0.629108,-1.88177,1.00412,0.105075,-1.53866,0.830193,-1.30317,0.642232,-0.113224,0.175909,1.36021,0.816798,-2.0752,-0.700702,-0.363356,1.20926,-0.00445557,-0.72451,-0.414136,0.00110505,-2.40007,-1.53035,0.867794,-1.40049,0.547138,1.65514,-0.963561
-4.26745,-1.80582,1.98703,-1.52247,-0.0433336,0.456191,-0.713248,-1.87273,0.467635,2.21864,0.225471,0.0917095,-0.107304,-2.28559,0.858153,-1.23316,-0.624714,-1.19071,0.816804,-1.99585,1.6888,-0.975524,1.74975,1.99415,-3.7658,-2.67019,-0.521409,-0.285989,-1.49083,0.849086,-0.924131,-0.950956
0.604663,-2.64253,0.159093,2.08091,0.0604268,1.78842,-3.71706,-1.86389,-2.42881,0.336405,-0.616962,0.849845,1.72589,1.74835,-0.317144,1.47148,2.50357,2.50228,-0.722156,-0.71041,1.75805,3.7385,0.763507,0.0532855,1.67009,2.39784,2.58025,-0.424695,-0.0687875,0.0379958,1.95764,-1.89566
-0.820643,0.425245,-0.680196,0.0623495,-0.0410181,1.99988,-0.0289627,0.203928,-0.726733,1.87817,-1.83551,-1.07487,0.52821,0.930995,-0.443164,0.315073,-3.06076,-0.901242,0.197241,1.01004,0.275003,2.83618,-1.00271,-1.75695,-1.54113,0.0805083,1.65212,1.20902,-0.144597,0.539563,1.53111,-0.883511
-2.4883,-2.5476,0.253213,-0.010986,-0.0247506,0.567401,-2.01535,0.131291,-1.44203,-0.162938,1.40838,-0.437788,0.156745,0.342205,-0.611988,-0.659994,-0.725176,-0.363751,-1.67376,-0.519639,-1.12928,0.0871611,0.234962,-0.0911979,-2.19836,-0.694967,0.95892,-1.54693,1.22763,1.73409,2.67983,-2.53559
-0.688739,2.08893,0.48204,1.71374,0.713768,-0.180699,1.99195,0.428541,0.62389,0.138737,1.04523,0.0793785,-2.56416,-1.59661,2.07051,2.4894,2.39856,-0.714806,-1.0491,-0.0865505,-1.82882,1.12949,-1.99097,1.25962,-2.6758,-0.771508,-1.3917,-0.747337,-0.714012,0.179083,1.58122,-1.06421
0.229316,0.700888,0.976357,0.142063,1.89282,0.620622,1.97015,-1.3448,-0.563863,-1.86526,0.592826,1.99396,1.1345,0.403333,0.561296,2.59683,1.01331,0.354685,-1.24076,-2.34712,0.446424,0.252264,0.781123,-1.26377,-1.02292,-1.91644,-1.86218,-0.127262,1.52788,2.62908,1.06156,1.21945
-0.800561,1.45784,-0.21955,-2.29981,0.514424,2.865,-0.097721,0.516312,-0.0831618,-0.28129,0.109104,2.03797,-1.80068,0.511979,2.23145,0.560747,2.29517,1.28501,-2.08185,-0.486495,1.82982,-1.05289,1.81341,0.10578,-0.0026851,2.24217,1.34693,-0.552901,0.846038,1.78647,-1.93307,-3.58342
-1.17872,2.04089,-0.540598,-0.504134,0.76605,1.35374,1.04242,0.712791,-2.30137,0.286935,-0.136051,-1.84479,0.897275,1.58033,0.322467,0.809292,-0.533213,0.316537,-1.3947,-1.87266,-1.14255,0.953764,0.576068,-0.669579,0.125307,2.32108,0.89108,0.455152,-0.227394,-1.66796,-0.115665,-0.117674
-0.684437,2.11371,-0.113832,0.375683,-1.26454,-0.436384,-1.74237,1.4753,-1.4311,0.161015,0.750176,1.47972,-2.79586,-0.388107,1.92316,1.82873,-2.37022,-0.959259,-1.80736,0.0480665,-0.748472,-2.35634,0.104311,0.020322,-0.991363,-1.07281,2.33812,0.292798,-0.735804,1.39726,1.8269,2.05002
-1.04087,-2.14188,-0.0390677,1.4336,-3.1358,-1.87307,-1.53593,-0.566633,-1.2338,1.53478,0.497452,-1.50529,-1.18393,0.830292,-0.525525,-1.89841,0.415355,-0.732571,-1.80682,0.974883,-1.06021,0.794947,0.881927,-1.50838,-1.50389,-0.843592,-0.0126037,-1.80913,-2.42836,2.20423,1.87133,2.35631
2.43809,1.87517,-2.40626,2.30988,1.45887,-1.6888,-1.01764,0.113651,-1.80487,0.163635,-2.83718,1.95972,-0.122196,0.177405,0.0197848,1.21998,0.386243,0.399671,1.82824,-1.63283,0.695945,-1.57482,0.378673,0.250374,0.505661,0.615468,-1.69805,0.730247,3.25054,0.27565,0.483016,-2.62115
1.20151,-3.13321,0.873621,1.17173,-1.66338,-0.00286868,0.863854,1.19333,-1.07721,-1.87325,0.915923,2.81857,-0.165741,-2.19604,-0.808713,-0.900509,1.30795,0.324289,1.39054,0.456923,-0.289499,1.67553,2.34504,0.548479,-2.07479,-0.438918,0.0422986,1.89124,-1.96827,2.42385,-0.478774,-1.81838
0.427625,-2.08393,1.00546,-1.56535,0.861719,-0.479691,0.306529,1.83522,-1.91537,0.816431,2.54048,-0.719077,-2.19874,3.64268,-1.16989,1.88848,0.998901,-0.0477923,-0.742821,-2.28303,-2.15076,1.41447,1.13367,-1.53788,-0.00463907,0.0963169,-2.57005,-0.251717,1.53856,-0.00509626,2.44618,-2.57677
1.44276,2.60195,-2.0574,-0.759056,0.87814,0.373549,-1.7448,-2.12357,1.00809,1.00244,-0.703944,-0.0231028,0.27073,-1.71313,-1.86163,0.538526,-1.3539,0.640278,-2.22095,-1.41677,-1.03037,1.47298,2.9296,-1.00243,-0.532552,-0.544574,-1.05118,1.11182,-2.00815,1.31989,-0.50676,0.523637
-0.858369,-2.45762,1.62847,1.2233,-0.9628,-1.60105,-2.10191,0.763514,2.37559,-0.284982,-1.53215,-0.0171181,-2.1463,0.757409,0.459182,1.78033,-0.466506,0.732745,0.158086,2.10895,-2.45305,-2.12272,-1.53505,-1.80157,0.295603,-0.209082,-0.0406507,0.0437029,-0.689234,1.18247,-0.90878,0.391797
-2.53352,0.0489222,-0.689282,1.21939,-0.00555375,-2.03577,-3.5674,-2.16319,-0.347362,-1.0387,2.6915,1.51268,1.08358,-0.233253,1.4658,1.46812,-0.655171,1.33683,0.754418,3.81439,2.46989,0.674216,-1.51466,2.59358,-1.30354,-1.47328,0.940275,0.504288,-1.44236,0.749413,-1.36635,1.28062
2.8605,0.99301,-1.15738,-0.829645,-0.302407,-0.752523,0.189339,2.1045,2.31877,1.08484,0.776177,-1.35221,0.54735,1.85418,0.48622,-1.71899,-0.471511,-0.76361,-1.72429,1.80453,1.10685,-2.17417,-2.53697,0.737204,-0.765526,0.460103,-1.21005,-0.873135,-1.43882,0.527788,-0.928495,2.02535
3.07333,-1.91922,0.192938,3.94913,0.48268,-1.19303,0.775236,-3.03243,-1.5883,1.34867,-1.04791,-1.34281,0.181585,-2.25824,2.3447,-0.0821251,-0.166941,-0.28251,-0.810876,0.794916,1.90722,-2.43042,1.39836,1.74938,0.0180667,0.0961024,1.16376,0.703482,2.00612,-0.906004,-0.291518,-1.198
0.61095,-0.991061,0.857196,-0.993107,1.91253,0.151647,0.802362,-0.00455313,1.71261,2.73314,-0.0254827,-1.99814,-3.15232,-2.97248,-2.85928,0.00720241,-1.01496,0.806848,-0.506333,-0.575369,-0.938199,1.47048,-0.669214,-0.909635,0.220283,1.04563,0.608172,0.281961,0.614642,-1.60027,0.147648,0.708064
-1.36231,1.23206,-1.34568,0.737758,1.23093,0.378369,-1.29219,-0.850159,-1.3296,-0.28541,1.41612,0.951079,-1.86638,-1.56777,-1.36802,-1.22809,-1.93344,0.688803,1.40135,-0.384961,-4.25703,0.37907,0.988311,0.0604268,-0.898893,1.2907,-1.21912,1.54137,0.0454759,0.520157,0.90585,0.288003
0.449351,-0.184146,0.468611,-0.258305,-0.512647,3.72161,0.597669,1.19071,2.93002,-1.00541,-1.54918,1.38054,0.883114,1.0054,1.38069,-0.191687,1.7326,-1.45457,0.41087,-1.4005,-0.602371,0.756126,-1.26698,-0.588885,-0.660148,2.58101,1.21998,1.25468,1.82763,0.279916,-1.85809,0.210208
-8.28386,-3.01177,-5.12706,-1.06922,-5.97924,-16.7686,-1.718,-2.48767,1.6627,-0.290045,-6.77032,-15.8438,1.34227,-15.3228,-12.0985,-7.73431,-0.0820951,-0.53828,-0.98529,-4.74451,-14.5907,-0.254708,-1.54197,-1.34988,-6.53989,-17.5679,-8.79959,0.776147,-2.22554,-6.09337,-7.13322,2.16233
-0.698019,-1.40706,-0.702598,-2.5298,0.476546,0.956053,0.24338,-1.11746,0.597555,1.50099,2.10242,1.23301,-2.40187,2.83746,2.21757,-1.02975,0.0435194,-3.12922,0.247109,-1.13535,-1.48128,2.68069,1.91558,1.56566,-1.5728,0.416822,-0.697104,-1.11546,-0.412244,-1.34571,0.810876,2.18094
-2.94909,0.579333,-0.265419,0.0834377,0.778803,-1.91315,-0.667043,-1.39088,1.9841,1.63433,0.713554,-0.339672,0.775414,-0.893191,-1.06619,-2.24281,0.453993,2.55941,-2.25172,0.710807,-0.951873,0.137639,-2.26328,-1.20103,0.864915,-2.24332,0.603896,-1.57506,0.976002,1.3911,-1.4518,2.77273
-1.08939,-1.38523,1.14576,-3.34953,-1.23063,1.91854,0.107976,1.8049,-3.02939,-1.18717,-0.914366,1.6474,-2.62453,0.181489,1.47331,-1.30879,-2.37727,-0.71413,1.64498,-0.835231,0.636067,-2.27277,-0.755608,-0.725669,3.18903,1.24812,2.99393,1.19724,-1.09622,1.04236,-0.292249,0.735371
0.9617,2.07098,0.366925,-0.474013,2.10993,1.41036,-1.16667,-0.178167,-0.710863,-2.65395,0.440324,-0.813318,-2.8428,1.8055,0.689535,1.39277,-2.13819,1.29814,-1.14484,-0.664784,-1.74993,-1.43778,-0.512253,1.39207,3.03165,0.475021,1.37565,2.35883,-0.0673237,2.59993,0.400708,-0.431623
-0.657094,2.85666,2.35163,1.10709,-1.38637,-0.758744,0.619953,2.55403,-0.48317,0.730858,-0.412,-0.809474,0.452406,0.14771,2.71971,-1.11466,0.488086,2.44447,-1.77105,-0.152471,0.120154,2.58074,-1.48256,-2.24238,-0.902951,-0.47438,-1.6209,0.435041,-0.231818,0.486983,-1.61785,-0.900723
-7.72131,-6.64607,-4.22172,-0.501851,0.646108

