-0.353129,-1.14496,-0.988159,0.931884,1.71206,0.436597,0.701158,1.63402,-0.0701004,-0.118259,1.74682,1.39705,1.80136,-1.1706,-0.0203554,-0.0484939,-1.60897,0.43413,2.28428,0.374492,1.39985,2.7536,1.75533,-0.0432467,1.69686
-0.268021,-0.652336,-1.10096,-1.4861,1.3922,-1.07074,0.532273,-1.27228,-0.210425,1.10129,-1.02521,-1.53035,2.74468,-1.45662,-0.52132,-1.14716,0.178076,-0.784234,-0.117038,0.799984,1.51588,0.719417,-1.91367,1.75076,-2.36827
-2.84918,-0.383801,-0.269784,1.05469,0.226447,-1.26209,0.888607,-2.34013,-0.0554211,1.37224,-2.68953,-2.31424,-1.72329,0.348853,0.242167,-1.08258,0.207678,0.960417,-1.82979,0.807185,-0.161321,-0.419111,-0.710257,2.01883,1.26799
-1.18531,0.348433,0.447798,0.484664,0.0119631,0.109959,0.883786,-0.602282,-1.61262,-0.311045,-2.17917,0.0799532,0.867004,-1.0227,-0.538376,-0.349222,-2.44225,1.53993,-1.30604,-1.50789,-1.36616,1.23811,-0.557971,-1.91522,-1.70388
2.05038,-0.58507,-1.32655,0.245948,-0.167028,0.110203,0.676443,-1.75454,-0.514088,-0.130859,1.35774,0.375229,-3.30946,1.93823,-1.40144,-0.69933,0.261117,1.70943,-0.134922,0.428693,-1.68642,-0.842951,-0.276647,-0.90643,-0.113377
-0.0720843,1.1601,-1.36989,1.94052,-2.36733,0.417371,-0.15598,1.94693,0.81417,1.11481,0.3932,0.344429,0.118167,2.97342,-0.816584,-0.862789,0.75842,-1.79257,-0.213294,1.91415,-0.69103,-0.40074,0.254066,-1.97836,-1.09363
1.5561,-1.16828,-0.499252,-0.716114,0.084872,-0.694876,-2.83142,0.696096,-1.44862,0.490284,1.10705,-0.688406,-0.0855742,-0.90466,-0.428877,1.22504,2.53087,1.04523,-1.60845,0.135349,-2.4033,-0.926145,-2.75603,0.946555,-0.98645
-2.48411,1.86307,2.3513,-0.467818,-1.10041,-0.885983,0.206763,1.30824,-0.0284734,-1.10694,1.3306,-1.35182,-2.523,0.569171,-0.747609,-0.845149,-1.88772,-0.6231,-1.09015,0.598193,-0.920373,-0.803461,0.497848,-1.99466,-1.43379
-0.553423,-1.98849,-0.861324,-2.3054,-0.115208,-0.666738,-0.743305,0.562121,-1.79083,-1.34702,-1.09894,-1.02051,-0.325663,-0.0472126,-1.4193,-2.25541,2.00492,-2.25303,-0.85626,0.891839,1.73305,0.617786,0.569049,-0.139805,-0.242103
-0.89813,-1.98218,0.681635,1.07495,-0.911985,1.70916,-0.464492,-0.714139,0.528184,-2.5143,-1.95846,-2.00864,-0.786553,0.896906,0.85461,-0.911067,-0.155736,2.71721,-2.07108,-0.0895107,0.936951,0.17246,-1.41188,-0.791437,0.280684
-0.552603,0.654653,-0.972712,1.92166,0.96704,0.313333,-0.701895,1.66298,-1.63417,1.88998,1.67818,1.79867,0.673086,1.19581,-0.822256,-1.63032,-0.820674,0.786309,-0.716422,-0.821768,1.46407,-1.47444,-2.16135,-1.35847,1.18787
-1.88046,-1.21571,-0.528183,1.60891,-0.209937,1.97393,-1.51931,-1.43276,1.34846,-1.21958,-0.559862,2.31132,-0.663625,-0.91168,-1.78387,0.511002,-0.633717,0.784694,2.37559,-0.518845,2.07059,-1.23655,-0.400921,-2.41142,-2.77053
-0.744377,-1.33101,-2.28294,-3.21715,0.613453,1.45741,2.56921,0.747093,-1.86532,-0.672964,0.642506,1.23493,-2.4901,2.52098,1.1377,-0.613148,0.060396,0.880856,1.10324,-0.367778,-1.33442,-1.40892,-1.64547,1.42793,0.253701
1.81362,-1.4637,-0.0641784,-1.33979,0.791103,2.48827,0.832454,-0.927426,1.29438,-0.642109,0.46635,-0.624504,-2.18689,-1.01272,2.11429,-1.81716,-0.665517,-1.76605,-1.45595,0.411786,-3.25675,2.14924,2.15351,-2.32619,0.931213
0.956909,0.607409,-0.10123,1.47633,-2.66454,-1.92541,0.611255,1.04639,-1.50538,0.457564,-0.146214,1.74099,1.06342,0.176245,-1.5002,-1.16791,-1.94412,-0.981841,0.429304,-1.12672,2.67913,0.958313,-0.0572222,-0.879883,-0.671804
1.76638,1.67031,2.42,-1.34685,-0.507123,0.753166,0.200904,-0.0252048,0.767449,-0.167028,-2.52998,-0.54842,0.311076,2.00773,-1.24354,1.10065,-0.611499,-1.31086,1.08976,1.2743,0.828704,-1.12372,-1.15223,-0.00296046,2.14877
2.34758,-0.941804,-0.0268868,0.997501,1.1239,1.27796,1.41456,-0.388165,-0.165106,-0.293985,0.777337,-2.14213,1.40517,0.174839,1.64693,0.349955,-1.18265,-1.83645,-0.576095,1.19801,2.03805,0.060396,0.391095,-0.768975,-1.88281
-0.787807,-1.56685,-2.10636,-0.166906,0.12479,1.12024,0.706351,-1.5161,-1.02466,-0.0842001,1.16858,0.99624,0.378216,-1.72701,-0.210756,1.10676,-0.679007,-0.823847,-0.0599998,2.31059,-0.746452,-2.9505,0.634938,-0.0186469,-0.43199
-1.34724,-0.21656,-0.162939,-2.40989,-2.43094,-2.36668,-1.68917,-0.84875,0.946043,-0.532278,1.09977,-3.04065,-2.79889,-0.421616,-1.35591,-1.05731,-1.72774,-1.52864,-1.24793,1.52242,1.11225,-1.13245,0.263649,1.0332,1.51567
1.34047,-1.36592,-0.423567,1.50688,2.32133,-2.11374,0.656423,-0.337626,0.853572,-0.122717,-1.73312,1.97623,-0.629322,-0.0883509,0.635884,-2.10287,1.21167,0.990295,-0.102146,0.512529,1.71206,-2.6267,-0.255832,-1.61751,-0.230445
0.123936,1.67086,-0.819758,-1.78268,0.1272,1.24775,0.320902,2.86435,-0.862048,-2.87078,-1.1872,2.62932,0.834831,-0.61272,0.132908,1.20091,1.15055,0.0501118,-2.94614,2.57103,-0.308084,1.46803,2.30363,-0.121616,-2.14424
-0.40141,-2.54039,1.29786,0.394361,1.91854,-0.15659,0.518357,-0.436506,-2.30039,0.517621,-0.423322,-2.31077,1.05267,0.145116,-0.538255,0.305277,-1.33137,2.07285,3.39503,-0.650987,-1.20801,1.66891,1.7167,-0.280188,-1.99582
-0.109984,2.03453,-0.759024,-0.441935,-1.59212,-0.36021,1.94449,1.29667,0.248024,1.26557,0.54265,2.32713,-0.651357,-2.53838,1.62498,-0.379165,-1.21448,-1.79989,-1.20453,-1.12241,0.228737,-0.685171,-0.0856658,-1.8815,-1.10248
-0.755058,-0.958529,-0.365215,0.218299,-0.292981,-2.25852,0.685537,0.69451,1.01404,0.519305,0.211463,-2.60149,2.34489,-0.7893,1.2074,0.946494,-0.906552,-1.65929,-0.278784,0.899774,-2.29692,-0.858363,1.15949,-1.32996,-0.566391
0.0165105,0.405255,2.11578,0.106235,0.705432,0.384686,0.909237,1.72311,-0.805474,-1.07246,1.02698,2.0765,2.09911,2.2313,1.63472,-1.57055,0.403554,0.390362,-1.81429,1.57967,0.870174,-2.18027,3.84585,0.897883,-1.3802
0.426649,0.59856,-1.33259,-2.22191,-0.216407,-0.787896,1.63803,1.57616,2.42665,2.39915,1.31825,0.0620441,0.42906,0.210364,-0.206824,0.543502,1.24598,0.929105,1.62771,0.0860277,-1.62801,-0.524524,0.555467,0.449813,2.83306
1.46956,2.00046,2.05442,1.68062,1.68202,-1.626,-1.30219,0.417585,0.510483,1.09015,1.93399,-1.69735,-0.0605788,-0.457562,1.09705,0.0129704,-1.67446,0.954222,-0.96289,1.33726,1.12372,-1.68069,0.40202,1.89807,0.283487
0.273904,0.986511,1.41072,1.51155,2.60363,0.168432,-2.14774,4.20506,1.73532,-0.851248,-2.2151,2.35429,0.324869,-3.7152,2.75069,0.69457,2.7301,-0.0848113,-0.0364692,0.961181,-0.789422,1.72561,-1.51719,0.823603,-0.100284
0.216769,3.03098,0.285989,2.55314,1.43391,1.21183,-1.2518,0.115147,1.06748,0.592398,-0.516831,0.787591,0.535264,0.347453,2.83344,1.17334,-0.536395,-0.813222,-1.10168,-3.66052,-0.883145,0.935971,1.5446,0.51854,-1.03876
0.516773,-1.03882,2.32493,0.87862,0.93799,2.30694,-1.70931,-0.179601,-0.2631,-1.68429,-0.841853,-0.660848,-1.65053,0.965758,-1.6331,0.146947,-4.70451,-2.59532,1.14051,-0.0570389,1.46672,1.36909,-1.59352,-1.09149,1.89303
-0.545888,-0.515915,0.408463,-1.49535,0.284586,0.144749,1.33363,-0.395856,1.58232,-2.20996,-2.74798,1.47005,-0.587695,0.293497,-0.283425,1.29499,-0.0605185,0.627125,0.605152,2.04966,2.0386,0.223792,-0.288006,-2.68128,0.535875
-0.747611,1.31538,-0.417768,-2.09812,-0.0199893,-1.3697,-1.02521,0.546555,-0.391795,0.091556,2.72418,1.39479,-2.32243,-2.15678,-0.176732,-0.108274,-0.343607,0.245583,-0.731745,1.21509,2.65069,0.895993,0.364727,1.38212,2.24463
-1.64632,-6.19016,-11.9103,-12.5885,-4.69569,-4.24923,-8.329,-11.5694,-13.6512,-7.81683,0.702689,-6.91247,-3.32418,-4.10272,-2.46923,0.500046,-0.904231,-6.35438,-18.8226,-0.0693688,-5.99564,-0.528121,-4.41552,-6.01616,1.07367,1.69918,0.382184,1.02142,1.24067,-5.75603,1.08062,-3.83673
1.03952,-1.32511,2.82,1.50362,0.0593586,-1.76009,1.13865,2.36112,1.04666,1.00922,-0.745842,0.974848,0.518846,-1.54454,1.26549,0.642506,0.908017,-0.686539,0.499501,0.61623,0.34025,-2.17228,-1.24903,0.358559,1.14026,1.59048,0.0198674,-2.70647,0.402478,1.74429,-1.98911,-1.80841
-2.40837,1.8514,0.195532,-2.33995,-0.56636,2.83803,0.461898,-0.00521799,-0.933225,0.872066,-0.442487,-0.569628,-0.57646,-0.0525836,-0.376049,-1.08631,-1.5806,-0.0955533,-3.16227,0.684377,-0.921903,1.37196,-1.48415,-1.34297,-1.08253,-1.32829,-1.03674,-0.985046,-0.989715,-0.441084,2.66313,-0.303506
0.22538,-1.01758,1.97683,0.357646,-2.36327,0.834864,-2.86474,-0.827143,-0.0106507,-1.42579,2.08087,2.29899,-0.318155,-0.543992,0.897399,0.00137343,-1.75381,-0.0279243,-0.0295724,1.3086,2.71478,1.52184,0.629201,0.727711,1.22517,0.766842,-0.90374,-2.25297,-2.67412,-0.844298,1.99588,0.543627
0.562665,1.86104,-2.05631,-3.21366,1.56569,1.1966,-0.0134581,0.255685,1.41499,0.783871,-1.18787,-1.2411,0.386391,0.715079,1.60921,0.869076,0.120364,0.61083,-0.57268,0.696458,-0.997893,0.702689,-2.62547,1.44648,2.70879,-0.756768,-0.11771,2.23442,-0.345808,-1.73299,-0.754387,-1.44359
0.829401,0.91052,0.599965,1.46351,-1.60598,-1.81525,-1.13526,2.40046,-2.15369,0.509751,-1.72292,-0.210669,1.65178,-0.699332,-0.32408,1.18543,0.835993,2.02103,1.6419,-1.62593,-0.676774,-2.69418,-2.15469,0.38841,-1.30723,-0.179296,-0.841181,-0.620773,-0.520001,-0.506149,-0.843501,2.09666
-1.2729,-1.07893,-1.07355,-0.904629,0.356947,0.300821,-0.630424,0.0152893,0.969212,-1.55892,0.518235,-0.662284,-1.29575,-0.547013,0.862606,0.173284,-1.42433,-1.55123,-0.96201,-1.23743,0.867611,0.038423,0.531572,1.37147,1.51515,-0.767877,-1.22566,-0.544419,-1.27039,0.638478,2.47593,-1.99484
1.37385,-1.28907,1.50362,-0.75985,-0.809229,0.232398,-1.05194,2.80974,-1.35816,-1.92681,-0.585253,-1.40284,2.35331,-1.0108,0.0194399,0.204932,-2.33148,0.481364,0.277236,1.54139,0.291027,-2.29199,-0.491437,2.15556,0.343547,0.554674,-1.49357,-1.30989,0.367381,-1.02295,-1.01575,1.81814
1.40913,-1.50586,0.980103,2.64922,-0.475447,-0.60625,-0.184421,0.741203,-1.37111,-0.765253,0.820491,1.09693,0.43791,-0.468428,1.17603,-1.07129,2.06284,-1.02111,0.851563,-0.955808,-1.30397,1.57838,-2.73859,-1.00848,1.05506,-0.809503,-1.21583,0.915767,0.632952,1.7983,-1.30461,2.45042
-0.507251,0.820765,1.32331,-0.379195,0.240211,0.786737,1.29762,-1.44374,1.02362,-0.150731,2.79436,-1.23426,-1.92855,2.27336,0.843383,-0.762718,-1.70715,2.54341,-0.375652,-2.76073,2.86957,-1.82333,-2.23759,1.30628,1.83236,2.10886,0.434736,-0.259255,0.427443,1.73037,-0.547777,1.23841
-1.11652,0.835963,-0.353832,0.393411,1.04987,1.82821,2.17731,-0.00933605,-0.516983,1.70245,-1.16883,-1.35817,-2.61864,0.119726,-0.182226,1.07532,0.975829,-0.0946994,-0.981994,-1.57366,0.0393991,1.09778,-2.14005,0.688345,-0.205969,-1.17148,-2.19819,-1.07715,1.51247,-0.898063,-0.303504,0.16538
1.17939,1.01147,1.07715,-0.577685,-2.21357,1.13919,1.24317,0.845702,-2.48967,0.272312,-2.52013,-1.26136,1.00104,2.16495,0.691031,-0.885952,0.659539,2.11259,0.0538042,-0.0189518,-0.990602,-1.69442,-1.69173,2.54072,-1.4391,-0.559557,1.70419,-0.573658,-1.54139,1.73361,-0.174963,-0.134312
0.504318,1.80948,1.49208,0.734306,0.491073,2.12369,-0.392377,2.21177,-0.00479133,0.565111,-2.28306,-0.356028,0.328166,0.0243839,0.128819,0.264961,-1.82363,0.462813,1.06034,-1.6321,2.60753,1.42165,-1.12,0.351844,0.757439,0.564928,-0.872494,-0.0498367,1.76132,0.506604,-0.707632,-1.48524
0.578417,-0.868648,0.946528,-1.96664,0.342326,-0.743275,1.37111,1.45827,-0.689383,-1.61257,2.24662,-0.59667,-3.25541,1.38112,-0.293924,-1.35801,2.09531,0.873655,-0.0182806,-1.28064,-1.5298,-2.21116,-0.882686,-0.220036,-0.828364,1.30543,1.49306,-0.99573,2.72479,0.84869,-0.521897,1.01691
-1.62996,1.00421,1.53908,-2.32286,-2.55324,-0.0743131,-0.00673987,1.53649,-1.52638,-0.295086,-1.42909,-0.289468,1.62685,1.27601,-1.08393,1.81637,1.24531,0.0968356,0.485035,-1.12202,0.399609,-2.05451,1.58251,-0.80242,0.116489,0.856563,-1.38856,-0.976197,-0.493907,2.11637,-0.478867,2.38047
0.420057,1.28602,1.5547,-2.7069,-0.688712,-3.25236,0.410872,-0.44353,-1.05823,-0.31785,1.80398,1.54747,1.77206,2.33525,1.08002,-0.811701,-0.101779,-0.526353,-1.79678,1.2844,1.96488,0.942625,2.55369,2.77819,-1.03161,0.94699,0.866085,1.08393,-0.969232,-2.41157,-0.557238,1.32697
1.18891,2.60857,0.333533,-0.371262,2.02252,-0.345529,-0.670397,2.12864,0.0689412,-0.0563068,0.477894,-0.152292,-2.92615,0.729545,-0.0819418,-0.758598,0.715415,-0.972533,1.03546,2.06888,1.26838,-1.06665,0.552111,-0.280617,-0.454207,-0.0058901,1.61184,0.475997,-1.84979,-1.77209,0.662343,-1.23811
0.265785,0.0697346,-0.396893,2.16325,1.76687,1.5544,0.632954,-2.81274,0.15775,-0.271584,-1.55269,0.368633,-0.100436,-0.876522,0.497849,0.49107,-0.183935,2.59264,1.06824,-0.922846,0.266212,-2.17222,1.22236,-1.76934,-0.628071,-0.674002,1.46922,1.21647,-2.10111,1.79989,1.13028,1.04162
0.854732,-1.56224,-0.828796,1.09476,2.82254,-0.134251,0.271489,0.985259,0.695183,-0.60094,-0.970582,-1.95247,-1.35847,0.46611,0.518022,0.460825,2.96952,-1.70425,1.16358,-1.79254,-0.620167,0.782555,0.523912,-0.643845,0.258217,2.13748,0.975345,1.79309,-0.308878,-0.948118,-1.52137,0.165899
0.830502,0.424848,-3.17157,0.407941,-0.0122075,0.976558,1.14725,1.92902,-0.578906,-1.32267,1.3011,0.0180367,-0.832545,0.3231,-2.53941,-1.70812,2.5866,2.62096,-0.497818,0.95233,1.2082,2.19834,2.68304,1.80722,-2.08005,0.430189,-1.17048,-2.16203,0.371807,2.39574,-1.51851,-1.75659
-0.344585,1.9089,-1.50816,2.45597,0.723991,-0.352942,0.208655,0.118259,0.376995,-0.443037,-1.58156,-0.441938,-0.896364,-0.272744,-1.42195,1.35572,0.0343337,-0.262858,1.22114,1.79363,1.50368,-0.518967,-1.58009,0.479842,0.1522,-2.86468,-0.612691,-0.447798,1.08746,-0.49382,1.91909,-0.291665
0.851619,-0.765038,-0.0279857,-2.35325,-0.396954,0.262856,0.783074,-0.183507,-1.69618,-0.554064,1.0539,-2.33506,0.92117,-1.09128,1.85501,0.849605,-0.726371,-1.51707,2.01127,-2.24513,0.973296,0.792683,0.44908,-1.49245,1.71194,-1.48537,-0.902768,0.248054,0.132603,-0.519455,-1.36506,1.01208
-2.27219,-1.68139,-0.127353,1.04102,0.400922,-0.0473956,0.739311,0.430372,-1.60045,1.56929,-0.320475,-0.155251,-1.41359,-0.620045,0.474378,0.0381788,-0.814263,-0.326458,0.984799,-1.38649,-1.61788,-0.238228,1.62087,1.31447,1.21845,-1.48659,0.838588,-0.759029,0.943598,-0.532396,0.610218,1.78866
-0.390759,1.62404,-1.03003,-2.42783,2.75381,-1.92447,0.99475,-0.184182,2.66802,-1.89828,-1.39875,0.94671,0.638173,0.638393,1.66305,-1.43391,-2.231,-0.306375,-1.49195,-2.26518,-0.982848,-1.68063,-0.702445,-0.751458,0.0128483,-0.109528,-1.59963,0.0926847,-0.789973,-1.6874,-1.86907,-1.01581
1.57125,1.67251,-0.185888,0.363689,-1.38935,-0.885248,-0.0925627,-1.19684,0.292581,1.56246,1.22922,1.04938,0.393658,-0.447066,-1.66934,-0.284097,1.80056,-1.49757,-0.369183,-1.05365,2.00842,0.472029,-1.59853,-0.0486773,0.364483,1.57729,-1.3393,-0.570483,0.11539,-2.23722,-1.08422,-0.537095
0.613697,0.319102,-1.03931,3.93731,0.166143,1.4323,0.528611,1.04587,1.30628,1.35146,-0.153844,0.392102,0.206876,2.7647,-2.68194,1.26624,0.942689,-0.0472736,1.84524,-2.46522,-1.15961,-1.50044,-0.395184,1.00653,2.068,0.391766,1.01917,-0.264107,-0.0226748,-1.2519,1.54687,0.956542
0.196875,0.200537,-2.10721,-1.84616,-1.87179,-0.151128,1.69409,-2.77666,-2.43858,-0.678635,2.1353,-1.16368,1.36482,1.79995,0.693686,-2.78717,0.675527,0.758049,0.51891,0.620446,-2.73076,-2.67181,-1.04828,1.09027,-0.239112,3.45949,-0.818659,-1.27986,0.406905,-0.924375,0.504685,-0.026643
0.126893,2.21671,0.552296,1.26725,1.31782,1.56166,-2.30161,-0.679067,-2.59557,-0.495956,1.26814,2.18424,-1.65224,-1.9203,0.39784,-0.446639,-3.50872,-1.09784,0.43907,-1.08436,-0.382119,-0.39201,0.971435,1.92264,1.22858,-1.33354,-0.759332,0.113193,1.19086,-2.84929,-1.65975,-1.33516
-1.49757,-1.94442,0.968317,-0.869502,-1.48662,-1.68288,0.975463,0.0860316,0.796258,0.127842,-0.854549,0.469161,1.06815,-0.299234,-0.474044,-0.505417,0.965819,0.416486,-1.86664,-0.453358,-1.31834,1.61178,-2.48168,-0.725913,0.574696,0.633106,-1.34303,-1.72274,2.47117,0.304148,0.0499864,0.266548
-0.395062,-0.169866,-2.02915,2.42829,-1.11008,0.128026,0.178076,0.224342,2.30723,0.28196,2.02072,1.44911,-0.307501,-1.02994,0.00372306,-1.98166,-1.48305,-1.08649,1.74862,-0.660264,-2.63395,0.993283,2.35222,1.53743,-0.422956,-2.19419,0.48204,1.1247,-2.09366,1.7098,1.60799,-2.20481
0.404702,-0.607135,0.915952,-2.06744,-1.28736,-2.54821,-0.0715659,-0.604145,-2.1582,-1.12964,0.2219,-1.38655,0.78042,1.82326,0.404096,2.23188,-0.60479,-0.518479,1.73788,1.53462,2.08713,0.481857,0.995183,-0.20072,2.73046,0.0813012,-0.847011,-0.498703,2.24674,-1.1601,-2.13547,-1.24207
1.64705,0.359416,1.66567,0.980346,0.326578,-2.14975,-1.15775,-0.672778,-1.56908,-1.81545,-0.175939,2.15055,0.593188,0.736809,-1.36189,0.59194,1.42195,-0.465434,1.13352,-0.977081,-0.152593,-0.206732,3.77157,0.143284,-0.683309,-0.221411,-1.89502,0.857167,-1.28757,0.498275,-1.10175,-1.43049
-1.74727,0.994812,-0.631642,-1.00415,0.909541,1.30702,-2.26332,-0.674732,2.01029,1.30445,0.433762,1.37056,1.94608,-1.05536,-0.309579,0.448989,-1.51094,1.89731,2.34849,0.152349,-0.208655,-0.606281,-0.502243,-0.368726,-0.764519,1.30582,1.05512,-0.274148,-0.674123,2.69597,-1.94754,-0.259621
0.545518,-13.1726,-12.0597,-3.14007,-5.10207,-9.36755,-3.82343,-0.518835,-0.045137,-4.30784,-0.055848,-1.79156,-1.1909,-20.7957,-0.903931,-0.712088,-2.6381,-0.542772,-1.85025,0.0330513,-5.74876,-1.38635,-16.139,-2.01343,1.41292,-9.44098,-7.73486,-7.74097,-1.5009,-2.98404,-0.446706,0.0865198
-2.10715,0.343638,-0.285165,-0.766533,-0.473281,-0.481307,-1.38303,-0.973418,-1.54854,-0.253761,-0.833915,-1.8002,-0.806823,1.60598,-0.778313,0.524003,1.43159,2.67156,-0.360027,-0.142796,0.297892,1.2403,1.20045,0.813989,-0.100105,1.47114,1.77462,0.251686,1.52022,1.66402,1.67824,0.185461
-1.425,-0.106724,0.511028,1.55849,-2.02255,1.18745,-1.02958,-0.1471,-1.73848,0.255653,0.430464,0.521348,-1.29438,-0.487409,-1.05676,0.0193494,0.83679,1.042,0.0711377,-0.896176,0.471421,0.444624,1.69393,-1.54897,-1.34907,-1.02576,-1.25593,-1.1886,-0.669118,-0.241249,0.530503,-2.27708
1.44267,-0.845823,2.23948,0.531967,1.58065,-0.386944,-0.30723,-0.502487,0.0645467,1.00793,-0.500321,0.149632,-1.79971,1.9453,0.617088,0.121861,0.39286,0.0887478,-0.94879,-2.14502,2.23825,-1.32221,1.54232,1.43868,1.69763,1.97464,-1.54106,-1.83425,-0.760123,0.617393,-0.859991,-0.642628
1.6326,-0.429975,-1.53426,2.68255,-1.94839,1.8334,1.90762,2.05973,0.755394,-2.57305,-2.0905,-0.672598,0.839349,1.5508,-0.440653,0.940119,-0.0851164,-0.861444,-0.253238,-0.488021,0.329264,1.55084,2.24534,-0.909909,-2.53563,-1.04248,2.35081,1.59001,-0.841243,1.86505,-1.61354,0.757928
1.96823,1.49507,1.22327,1.47725,-1.65114,-2.14688,-0.623644,1.2826,0.67199,2.25987,-1.1543,-2.31067,-0.461897,-1.54683,0.52464,-1.68563,1.46889,1.01435,-1.21265,0.933225,0.0490783,-0.445479,-1.14814,-2.47575,-1.18256,-0.477402,-2.06733,-0.323833,-2.86999,1.73043,-0.0553031,0.342234
-0.367168,-1.64272,0.649709,-0.516465,-2.01328,-1.7046,1.4156,0.177588,0.451919,-0.226844,1.0683,2.13583,1.31827,2.2056,1.54421,1.96066,0.573107,0.0148628,0.0376297,1.59682,1.33057,0.352946,-0.984801,0.554546,0.236365,3.95795,-1.22242,-3.61354,2.32255,1.13886,0.500661,-2.45152
-1.30399,2.27696,1.19123,1.66881,-0.970763,0.118748,0.181555,1.07196,3.51498,2.12296,1.37073,-2.18153,-2.44365,-0.587939,1.03284,-1.81985,1.95429,-1.23737,0.324137,-1.14545,-2.40629,-1.49915,-0.665731,0.330242,-3.21082,-2.15891,2.46897,2.78445,-2.17143,1.05719,0.594348,-0.728813
1.0683,1.77877,-2.13547,-1.64546,-2.374,-0.745567,0.958312,0.946284,0.638142,-0.151647,-0.977356,1.14173,1.41377,1.85867,2.29624,1.50212,1.5887,-1.59408,1.71056,1.57625,1.69484,-0.835139,-1.18018,2.03128,-0.474986,-1.19446,-1.09693,-0.890438,-0.69055,2.71004,1.12299,-0.0930812
0.546923,-0.25993,0.449323,1.68532,0.195344,2.03897,-0.203472,1.58355,1.17957,-0.541067,1.50161,0.663075,1.33003,-1.20225,-1.84011,-1.43153,0.0925012,-1.96463,-0.651482,1.44704,1.1952,0.563708,1.25367,2.07981,1.35896,0.701468,2.22148,0.185461,-0.559404,0.150853,-1.78604,0.782708
-0.772393,-3.15058,-0.752922,-1.36567,2.11213,1.12647,-0.431379,-0.325388,0.319681,-1.60277,-0.334544,0.688162,-2.65672,-1.35615,-0.533433,2.85467,1.05494,0.306284,-0.837648,1.1186,-1.05585,0.755913,-0.907529,0.149934,-2.3849,0.308023,-0.376202,2.0664,1.50563,0.567004,0.743645,0.458785
-1.49696,-0.0306709,1.20493,-1.38112,1.31392,-0.653369,-1.66637,0.303018,-1.26832,0.861996,-1.91946,0.218727,0.282509,-0.916349,0.729057,2.60155,-1.56923,0.81985,0.700705,-0.410016,1.24513,0.840815,1.41982,-2.40312,-1.98728,-0.237191,-1.13486,-1.00848,-2.12937,0.149144,0.872188,-0.504563
1.22943,0.394208,0.491226,-0.995545,-0.970763,-1.62411,-0.707698,1.98398,1.26136,0.798636,-0.985839,1.99175,-1.2411,-1.35176,-1.41896,-0.911496,-0.674242,-0.195013,0.411236,0.603504,-1.0542,0.708182,1.04407,-1.80709,-1.53535,-0.959958,0.6939,-0.426374,-0.725944,-0.502365,-2.09024,0.206335
-0.605396,0.670954,3.11438,-0.348678,-2.4648,-1.35353,1.39962,-2.29422,-2.51872,-0.234596,2.53673,-1.90646,1.59249,-1.4488,-0.776482,-0.970153,1.10855,-1.31788,0.631397,-1.12952,2.33195,1.19502,-0.418315,2.5298,-1.04944,2.35612,-1.17368,-1.09287,0.828485,-0.827326,0.476608,2.34269
0.769158,-2.70549,-2.30836,0.614185,4.42821,1.69982,-0.787473,1.1532,1.59145,-1.39363,0.240699,-1.14475,-1.23932,-1.01569,0.0981175,-0.737788,1.77221,1.3036,0.437941,-0.423625,-2.1699,-1.70061,-1.20066,-1.37007,-1.13303,2.04037,1.008,2.26944,0.481917,-0.169169,0.459151,-2.25016
1.01886,0.0367136,0.579363,-2.86218,1.76613,-0.491622,2.51188,-1.4883,2.82586,1.09528,-0.0194401,1.80615,-1.09754,-0.450789,0.657977,0.281106,0.559618,2.23648,-2.28516,-0.429121,-0.809381,-0.9245,-0.968627,-0.25779,-0.182897,0.876951,-0.622425,0.266945,1.12983,-0.991882,0.0152285,-0.89697
0.671678,-0.569015,1.87649,1.49501,-0.604911,-0.777642,-1.50758,1.26282,0.574327,-1.81558,-2.19919,1.51369,0.503586,0.473494,-1.07862,1.76333,1.21302,1.09638,1.64968,2.53251,-0.40477,0.229834,-1.79642,0.515859,0.663569,0.509873,-0.0782189,0.840999,0.511185,2.49126,1.60225,0.0865812
0.382244,0.924799,0.847104,-2.83151,-0.554918,1.38258,0.801689,1.08606,-0.341838,-0.0454436,-0.52092,-0.571642,1.32551,-1.45589,1.72842,-0.835017,-0.678209,-1.18982,0.00293336,-1.82638,1.25562,-1.50136,1.87228,-1.97092,-1.94987,-0.639942,1.99857,-0.0821254,-0.514634,-1.13233,-0.525925,2.40016
1.84292,2.98904,-1.14301,-1.09585,-0.170354,0.432811,1.326,0.148533,-1.22489,0.168004,1.08149,1.27826,-0.883209,1.93948,2.07474,2.24289,0.0242623,-0.0370804,-0.976745,-0.736321,-0.220679,-0.982909,1.16895,0.922055,0.910275,-1.41651,2.11655,-1.22614,2.34421,1.98987,-0.597438,-0.594043
-1.34223,-0.701101,-0.906155,-0.373211,-0.134922,-0.970003,-1.54506,0.428144,-0.652059,1.5107,-2.63322,1.7727,-1.71883,-0.992803,0.630356,2.12162,0.63976,-0.822443,-1.9551,1.00623,0.771966,-1.49123,-2.09128,-2.69244,1.553,-2.10145,0.565357,-0.907347,0.471908,-0.0519728,-0.271767,0.57097
1.17603,0.992767,-0.170385,-2.49244,-0.761284,-1.82519,1.08502,1.80783,2.37914,0.92053,-0.855707,-0.812619,-0.198401,-0.17539,1.86288,1.31562,1.03089,-0.61919,-2.24937,-0.694693,0.550707,-1.62117,-0.419294,1.20875,1.29582,2.21744,0.450541,0.108764,2.74047,-0.752952,3.93289,-2.00424
-1.51692,0.834101,0.991397,1.7908,-0.126439,-0.318766,-0.342876,0.434096,-0.979737,0.639699,-2.54057,-0.153417,2.0458,0.981325,0.127232,-0.290628,-1.02643,-1.27094,-1.91543,3.44842,-0.302225,0.487902,-1.5588,-0.162848,0.832332,0.896207,-1.60335,-0.213355,-0.392315,-1.50978,0.54259,-0.0884734
-0.0774868,1.19383,-1.22025,2.01352,-2.18536,1.95132,1.22016,-1.74441,0.873836,1.26307,0.795038,-1.57441,-0.117107,-0.962829,0.0835293,1.34467,-1.2392,0.0743123,-0.151647,1.10019,-1.41792,1.63583,-1.79327,-1.41542,0.401776,0.910459,-2.08163,1.38261,0.14716,-0.580923,0.347697,0.72515
2.06491,-1.91067,0.603019,1.70327,0.776913,-1.46052,0.98102,0.747978,0.588855,0.636769,1.70116,-0.483993,2.13148,-1.60658,0.541979,3.55736,0.236,0.379253,-0.989436,-0.0196238,-1.26206,1.9545,-0.705618,1.78274,2.30827,-0.292458,-0.925227,-1.82336,1.86611,0.703299,-0.96533,0.144139
-2.06931,0.0165105,-1.03504,0.286477,0.366833,-0.220618,1.47896,-1.54415,-0.941038,1.23952,-0.966125,-1.66976,-1.29988,0.445998,-0.753105,1.33881,-1.98907,1.77267,-2.72576,0.653002,-2.34049,1.41085,0.923978,0.705222,-0.561628,-2.16613,-1.52968,0.245369,-1.78787,-3.07687,1.31972,1.36384
-0.298166,-0.274789,-2.77661,-1.80429,-0.358867,-1.61617,0.94012,-0.461959,-2.02054,-2.08371,1.57717,1.41658,-1.04566,1.0849,1.0805,-1.07196,-2.00286,-2.07734,-1.10553,-1.52501,0.73937,-0.253731,-0.989776,-2.26567,0.84753,0.586409,1.80465,1.37223,0.82751,0.492966,1.52147,1.53941
-1.58498,-0.593554,-2.40391,0.115604,0.468733,-1.64675,0.0734581,1.52901,-1.53426,-0.332922,1.4944,1.83376,0.148412,-3.48521,-2.06687,1.22602,-0.774037,-1.72463,-0.53444,-0.182348,-1.04297,1.89132,1.26405,-0.559679,-1.59615,-0.198398,0.838222,0.783315,0.364116,1.90115,-1.32984,0.479477
0.62978,-0.600633,-1.16999,1.46776,-0.115513,-1.02915,-0.831965,-0.906919,2.11075,-1.24805,2.53264,2.14527,-1.34815,-2.84741,0.196849,0.257302,-1.09467,-1.75277,0.180639,0.92465,1.77975,0.500534,-0.164522,0.48091,0.298928,-2.73547,-0.941771,0.610645,-1.88485,1.69662,1.34495,0.449721
2.09415,0.239266,2.03845,0.409406,1.08679,1.19745,0.805231,-2.50511,1.12031,-1.15003,-0.0516376,-1.47987,0.490494,1.59633,-0.717216,0.0487989,0.627122,-0.250496,-0.828265,0.423383,0.418378,0.895688,-1.09357,1.25037,0.637867,-0.434674,1.64804,-1.01165,1.50948,-1.55391,0.792164,0.212989
0.537889,-2.13548,0.359473,0.22425,-0.865078,1.30103,-0.637623,-0.756037,1.02576,1.19776,-0.530196,-0.439436,0.931579,2.47313,-0.909728,-0.330729,1.31403,-0.0728478,-2.4734,0.82287,-0.0216374,2.17472,-1.20338,-1.08185,-2.68627,0.465743,-1.59279,-0.734731,1.52552,-0.0530717,-1.77737,-1.81948
-1.39631,3.33521,-0.416853,1.87167,-0.168862,-0.10715,0.452865,-0.837275,0.82342,-0.717526,-0.877929,-0.793939,0.0307321,0.932484,-0.262185,-0.812616,1.53725,-1.5569,0.0993986,2.40074,2.82274,-2.30992,1.72403,-2.75485,-2.22507,-0.641225,2.37297,1.23789,1.79581,-0.612964,0.765191,0.655327
-1.3372,1.54835,0.289225,-1.32194,2.12283,-2.57683,0.773308,-1.81509,-1.68703,1.94107,1.31495,1.824,-0.933781,-1.78286,-0.749167,-0.903497,0.407758,2.19971,0.917664,-0.896237,1.98453,1.59646,-1.30506,0.0555128,1.37703,-0.225013,0.815671,-2.38957,-0.632435,0.987549,2.37583,-1.09183
2.07267,1.47139,0.348674,0.975892,0.878353,0.969147,-1.98099,0.974792,1.19731,-1.52998,2.4904,-0.299295,1.9802,1.59383,-0.611251,1.12262,0.624193,0.948367,-0.237465,2.18527,1.05682,-2.72393,-0.897183,-0.417951,0.246864,0.460248,1.4593,1.10501,1.36937,0.774713,0.098727,-0.156224
-0.264465,-10.1858,-1.48097,0.331035,-10.5873,-0.405865,-0.906956,-1.33656,-2.3892,-2.70781,-7.15338,-8.36023,-0.729179,-1.38226,-1.26819,0.895961,-3.16071,-6.82451,-14.7005,2.32701,-2.2614,0.902282,0.431929,-13.1088,-8.20181,-7.1799,-1.64919,-1.41804,-5.76736,2.34788,0.175024,1.74239
-0.0855158,-2.40516,-0.718498,-0.322612,1.08554,0.967773,-2.06351,1.89835,1.92611,-2.15183,1.55202,-2.29014,1.02112,-1.26112,-0.818414,1.81271,-1.95577,-0.243476,1.55998,-1.22614,0.496383,1.09339,0.62786,1.9722,-0.763299,0.279426,1.53835,-0.245033,-0.627796,0.276132,-2.16364,-0.269997
-2.53179,0.149693,-1.37178,1.66512,-1.08951,-0.320231,1.0426,2.17951,0.129154,-1.42658,1.51418,-0.118656,-0.291299,-0.569807,0.309,0.601001,3.34339,-0.488113,-2.48143,-0.107334,0.454452,-2.44622,-0.609855,0.0806606,-1.46668,1.70534,2.09137,1.22828,-0.616077,-1.40117,-0.834101,-0.0879237
0.888821,1.35328,0.141334,-1.20093,0.336925,-0.657643,-0.555223,0.154271,0.296796,0.350017,1.54823,-0.716967,2.23637,-2.07129,0.920713,0.572131,1.00653,-1.39845,2.04755,1.02899,1.01898,-0.0810495,1.34815,-2.34714,1.00946,-0.58391,1.70675,2.53099,-1.8349,0.952514,-1.8063,1.94049
0.466292,-1.12281,-0.269356,1.34962,0.612659,-1.4637,-2.15745,2.00009,1.28748,-0.923519,0.191442,-1.44416,-0.920896,1.18222,0.356792,0.855647,-1.55879,-0.614399,-1.6971,-0.41649,-2.60167,-1.6866,-0.331279,1.16434,-0.0488598,0.125035,-0.838313,-0.711783,-1.53407,-1.42677,-1.70827,-0.846614
1.6169,1.694,0.0440074,1.9349,-1.76723,-0.135994,-0.160985,1.52416,0.948244,0.716666,0.388714,-1.05179,-1.71483,2.19977,0.420576,-1.46187,-1.27424,1.53395,2.22819,2.16489,-0.595935,0.241646,-1.34529,-0.176853,-1.15571,-1.50636,-0.703482,-1.48757,1.36286,-1.41853,-1.17707,0.540422
0.0267647,2.25736,1.03017,-1.61287,-0.867246,1.91379,1.69482,1.30748,0.29856,1.70778,-1.25004,-0.30485,-0.291665,0.0513014,-0.359902,2.32445,-1.15708,-1.29286,1.30763,-0.764947,-1.71169,-0.447371,-2.76832,-0.824641,-0.414838,-1.52587,1.59157,0.043001,-1.06916,3.20462,0.169898,5.02673
-0.441999,1.01108,-1.20271,1.8843,-2.82738,0.567828,-0.183508,1.91507,-0.293099,-1.68459,0.0556348,1.81152,0.107946,-1.20753,0.701712,1.0426,-0.400372,-0.634296,-2.03128,-0.639118,-0.534652,1.0932,2.54726,-0.166265,-0.78161,0.843379,-1.23542,2.48884,-1.33125,-1.79385,-1.68682,0.217688
0.114597,1.01489,-1.28663,0.191076,1.62086,0.957734,-0.459151,-1.04279,-0.631585,0.0360751,-0.758325,-1.29502,0.29252,0.251626,0.297522,-1.138,-1.68017,-0.0268255,-2.46525,2.68698,-0.0586263,1.57402,-0.723197,-1.00525,-1.53139,0.410077,-0.736564,-0.29197,-0.752434,0.732541,0.832967,-0.826868
-2.64672,-0.0138862,0.182989,-0.0888392,-0.413068,-0.321634,0.381386,1.48372,-1.60179,-0.586598,-0.0726649,1.02817,-0.774468,0.983641,-0.152257,-1.22693,-0.638508,1.06916,1.0116,-1.15369,-0.85241,-1.24049,1.50142,1.4952,-0.318308,1.39125,-0.904233,-0.440962,2.90655,-0.452375,-0.938902,-1.36684
-1.71383,-0.375896,-1.44374,1.17474,1.81381,-0.80163,1.27156,-0.605579,-1.44575,-1.32698,0.889488,0.684863,-0.36787,-1.55812,-2.35407,0.671987,-0.0278632,1.05737,-0.107334,0.970824,1.14951,-0.830968,0.591663,-1.11823,1.35554,1.53963,-1.76034,-0.835502,-0.49556,-1.42061,1.21894,0.540516
-0.835933,-0.0584428,-0.0180367,1.45994,-0.714469,-1.94949,-2.11326,-1.69222,-2.71496,0.9809,2.00077,1.93771,-2.70869,0.641285,-1.30622,0.871002,0.468368,1.01245,1.34758,0.857265,-0.852225,0.129551,0.535445,1.55059,0.185035,-0.574755,-0.170111,-2.90207,1.11072,0.926265,-0.0320141,0.636709
-1.34326,3.14508,-2.79662,0.0777915,0.697808,0.877743,-0.473495,0.443369,-1.82528,2.10084,0.0648516,0.709647,0.391461,-0.353862,-2.74108,-1.54537,1.27052,0.636372,0.533463,0.859432,1.44075,-0.815057,0.360824,-0.0137635,2.18821,-0.260903,-1.19351,0.690909,1.78671,1.37727,-1.30421,-1.26289
1.81158,2.15983,1.47633,1.71902,-2.30564,1.55519,0.123935,1.23981,-2.14036,3.06125,0.445845,-2.43388,0.55504,-1.24128,-0.334879,-0.897393,0.0152288,0.855186,-1.97903,0.0492871,-0.51378,-2.52128,-0.256566,-1.16965,1.12665,-1.33671,-0.717826,-2.35111,-0.0981792,0.672537,-1.12482,0.415692
-0.655934,0.238563,-0.489059,1.80813,-1.88308,1.8164,2.11612,-2.9056,-4.09342,1.16547,-2.21042,-2.49919,0.318038,-0.0471515,-2.02939,-2.27918,-2.54802,1.0585,2.87658,-2.18845,-0.0654619,-0.431443,-0.350753,1.50612,1.23176,0.12479,-1.63851,0.147986,0.267983,-1.11103,-0.688346,-1.28907
0.0323163,0.497421,0.379558,-0.170169,1.02753,1.54561,-1.62636,1.42103,0.481887,-1.90298,0.974853,0.284218,1.68544,1.07678,-0.276071,-1.01001,0.773431,0.890741,0.264535,0.320688,-1.02893,1.08295,0.930479,0.0622578,0.721488,1.02966,2.89893,-0.303136,-0.708456,0.220862,-1.15162,-1.79353
0.443984,0.312299,0.555041,-0.74694,-2.09441,-0.0928679,-2.23912,1.23957,-2.35569,-1.96707,1.64083,-1.01709,3.51424,-0.605824,1.41304,0.670586,1.05588,-1.04187,-0.605945,-1.29426,-0.0597247,-1.35755,-0.354682,-1.3597,2.13516,-1.36189,0.42491,-2.35216,1.92703,-1.50032,-0.640062,0.399459
2.04932,-1.30604,-2.01841,0.101047,-1.86874,-0.350322,0.337657,0.743187,2.52819,0.765071,-2.54595,-1.17954,1.76311,1.59664,-2.85006,0.232765,-0.363203,1.09144,-2.50206,0.506758,2.46452,0.79064,-2.59355,-0.351482,-0.702383,-1.55769,-0.0369836,-0.176427,0.140965,-0.762444,1.48183,-1.98209
0.302378,-1.02539,1.00159,-0.908261,0.617542,0.7224,1.14746,0.2949,0.660326,-0.0844443,0.581191,-1.50926,1.2624,1.54503,1.00549,1.61214,-0.123447,-1.43092,1.96628,-0.296304,-0.410203,2.23701,-0.891659,-0.370647,1.01239,0.776729,-1.66939,-0.851684,-1.88065,-2.32273,1.47047,0.0519121
-1.39656,-0.310587,0.0820035,-2.32102,1.43452,-0.731193,-1.70495,0.624683,-0.807763,-2.18314,0.928679,0.227698,-0.699945,-0.442854,-0.0206004,-1.17164,-0.180883,-2.44149,-0.902954,-1.85794,-0.450243,-1.08552,2.32291,-2.58239,-1.29124,0.434894,-2.46318,-0.870968,-0.304849,2.39707,-0.345741,-0.370953
1.11243,0.16028,-2.96588,0.460188,1.54464,-0.531235,0.044771,-2.1508,-3.34668,-0.445056,1.89856,-0.324686,-2.94498,-1.14527,1.63802,1.48573,-0.224307,0.924498,0.404865,-2.47014,0.0798666,-2.20682,2.04365,1.94522,0.528917,-0.215858,-0.359721,0.390668,-1.01526,-0.611434,-0.337931,-3.6504
1.97384,0.80108,0.369118,1.23926,-0.796503,-2.40037,1.32209,-0.376415,1.92691,2.0383,0.757987,2.42043,-0.849055,-0.916502,1.36073,-0.316202,0.29136,1.24378,1.2776,-0.0217584,-0.976074,-0.860591,1.19258,-0.142308,1.14136,-0.446089,0.000824262,-2.73016,-1.91544,-0.119973,-1.05994,2.01688
1.71773,-1.37409,-2.46458,2.08182,-1.14368,-0.229408,1.31556,-1.08221,1.71154,1.59655,1.9385,-0.975952,-0.457958,-0.209698,-1.12708,-0.85095,-1.54405,0.178686,1.08338,0.142613,1.40175,0.551134,-0.241982,-0.452559,1.16498,-2.01944,0.136082,0.0107123,0.90466,-2.08468,1.06909,0.0392165
-0.929014,1.68672,1.27174,-1.90271,-1.54878,-1.06543,1.56868,2.02609,-0.738609,-1.99173,-1.64248,-0.521104,1.39723,-2.33229,1.19056,0.664632,-0.429548,2.59807,0.583819,-0.630421,2.30723,1.87646,-1.38264,-1.01456,0.237651,2.54662,-1.11994,0.687704,0.799859,-1.61214,-0.740226,-2.91767
-1.56191,-1.40764,-2.21436,-0.50688,-0.53734,-0.642933,-0.757347,2.01858,0.223394,-1.93069,-2.03907,-1.72854,0.92987,1.60415,-2.11564,-1.54488,1.87942,0.289712,1.27705,-0.408978,2.85192,-1.77181,1.12226,1.88305,2.16562,0.900326,1.08857,0.285927,-1.01929,-1.24384,1.12848,-1.26563
-1.06024,-1.33375,-0.548082,-0.63152,1.29121,0.0265818,-1.61355,-0.867122,2.22342,-0.17142,-0.423781,-1.41218,0.0834681,0.711116,1.91513,-1.24647,1.11469,2.32441,-1.22739,-0.71935,-0.443098,-0.331278,0.261635,2.15781,-0.87933,0.473983,0.561754,-0.652148,-1.58858,-0.535752,0.0841395,0.0386059
-1.58553,-0.127354,1.87149,1.20594,0.859308,-1.84183,2.21745,-0.55244,-2.15195,1.04248,-0.224736,1.81399,0.738884,-1.85015,2.84185,0.361248,-0.404064,1.19581,0.941985,1.52156,0.0894493,-0.194311,2.11209,1.41285,1.26819,0.955383,0.541365,-1.01477,-0.656545,-0.802118,2.21281,-0.694021
-0.94452,-4.24321,1.62215,0.815546,1.20084,1.90914,0.540211,-1.74407,-1.15705,-0.483382,-1.33552,1.64294,-0.398175,2.51857,-0.072604,-1.12067,-0.241371,-0.456954,1.04981,-0.518418,0.453232,-0.297952,0.936363,-1.57814,-0.239665,-0.637318,1.59603,-1.33351,1.91476,-0.64568,-0.208532,2.03275
-0.15537,-0.693353,2.56029,-2.3289,-0.372936,-0.0837736,0.84759,0.788354,1.76956,-1.74904,-2.27098,1.0979,-2.68955,0.737663,-1.97232,2.44503,-2.95215,-2.14859,-2.07208,-0.961607,-1.13468,-0.119419,1.407,0.712331,-2.37199,-0.977145,2.24669,-2.47393,1.39646,-0.204809,0.843623,1.2869
0.460738,-1.05066,-1.53865,-2.07877,1.76369,1.59859,1.73718,0.719409,-1.78179,0.73153,0.0552688,0.404401,-0.853084,-0.442397,0.68297,-2.25281,0.445631,-0.882748,-0.978148,-0.645619,-1.45894,-1.42027,1.50508,1.28834,-1.78915,1.97885,-2.01913,1.25404,-0.994625,0.49028,-0.903745,2.70614
0.65746,0.247627,-1.48411,0.424909,-0.588977,2.12632,0.305519,-0.551744,-0.183324,-0.272927,0.311807,0.487777,-0.116093,2.82092,0.404886,0.835665,1.55812,-0.593494,-1.3278,-0.751029,-0.370464,-1.33448,1.20783,-1.81653,1.58357,-2.83841,-2.80938,0.217139,0.107028,-1.79379,-2.5891,-0.593254
2.04141,3.24707,-1.29325,-0.781366,0.784051,-0.868007,0.556383,1.10675,-1.1637,1.19971,-0.42616,1.0893,-0.0364389,-1.54408,-0.361156,1.0983,1.30622,2.30436,-1.82608,1.28016,0.423963,-0.777455,-0.393598,-0.192359,-0.382306,-1.76436,1.88095,0.676686,-0.435408,1.59588,-1.11005,0.922849
-0.463331,0.693105,0.440962,0.633045,-0.65789,1.84237,-0.864071,-0.931399,-0.31565,-1.45613,0.893399,-1.95737,-0.408791,-1.60799,2.29136,-1.39644,-2.08616,0.0110169,-0.243386,0.0541088,1.17438,-0.858879,-1.10846,0.258523,0.183233,1.69674,-0.870597,-0.0654921,1.12338,-1.82357,-1.36891,-0.49193
-4.12497,-1.76481,1.7601,-14.7313,-1.88491,-0.155311,-2.78769,-5.69657,-2.77049,-3.65944,-2.00274,1.99991,-4.13997,-14.7271,-9.10105,-7.31514,-6.55426,-0.983825,-18.4861,-10.3632,1.36451,0.193395,-8.6637,-3.04844,-2.41709,-0.390667,-1.12537,-9.59322,-3.2684,-6.71831,-1.65272,-7.68081
1.50929,0.931026,-1.13288,1.1117,0.27546,-1.85043,0.771966,-1.85159,1.87698,1.70895,0.324992,-1.27058,1.14908,-0.436505,0.317545,-1.85104,1.26704,-1.67769,-0.534106,2.2205,1.36298,-0.824304,0.317423,0.264382,-1.31257,-2.61882,1.20829,0.964718,-2.12528,-3.09427,-2.25687,-0.592179
0.814753,2.56743,-2.50157,-0.73748,1.92545,2.60353,-1.87283,-0.799123,0.0833459,-2.31614,1.46245,1.34101,-0.968139,2.0715,0.486648,-1.90243,1.60378,0.37431,0.544416,2.49583,2.70443,1.90078,0.856811,1.84191,1.49776,-1.45543,1.23178,1.84988,-1.18342,-1.28187,-0.966124,0.355204
1.07513,-2.13102,1.37074,-1.84139,-0.177831,0.696704,1.46949,-1.64268,-0.744652,-1.40153,-2.17026,0.437296,1.72313,-0.430095,1.40724,0.169103,-0.121677,-0.189367,2.1203,-1.18866,1.12647,0.398084,-0.0137028,-1.88851,-0.967589,0.267556,0.173589,-1.24848,0.0999179,0.232704,0.800779,-0.740257
-1.71251,-1.80355,-0.0762655,2.15263,-2.73596,0.1124,0.784417,1.64303,1.20313,-0.24284,1.45827,1.86617,-1.59163,-2.03635,-1.64642,0.881775,-1.29359,-1.98947,-0.604511,-0.184118,0.383282,-0.62407,-1.29542,-2.79619,0.386334,0.802176,0.416665,-2.16916,0.339026,-0.456099,-0.0664383,-1.43138
-0.118779,-2.50932,-0.832701,-0.591357,-4.20836,-1.3904,-0.593952,1.01734,0.673176,1.25641,-0.761708,-0.384014,-0.782285,-0.909788,-1.99493,1.59499,0.052706,-2.54498,-0.832151,-2.02499,0.37706,-0.626789,1.35627,1.60347,1.88341,-2.37321,1.02579,-0.790645,1.13532,-1.81634,-1.4897,-2.87645
-1.17701,0.569018,1.3578,1.09406,2.38268,0.223243,-2.06214,0.374527,-1.71053,0.652455,-0.975951,2.15278,-0.816401,0.447248,1.24202,-2.14042,-1.74014,-0.459338,-2.11625,0.334453,0.0273753,0.166722,-2.15629,1.94272,-1.472,0.391461,1.64614,-2.34544,1.38154,0.29252,-0.190894,1.67659
0.945559,2.79095,0.263772,-0.359905,-1.15723,-1.22639,0.280496,0.599291,0.555743,-0.395184,2.09897,-1.84683,-0.684622,-0.362041,0.0675669,0.687979,0.907345,-0.906793,-2.23536,-0.784478,1.2316,0.347275,-0.784662,2.36305,-1.62722,0.482072,-1.9054,1.54738,-0.602951,-1.71401,0.710624,-0.172766
-1.65712,-1.31819,-0.226081,-1.23069,-0.851924,1.87924,-1.52291,1.2404,2.30698,1.52242,-1.92322,0.197729,1.90292,-1.23597,0.278355,0.359234,-0.0610679,1.78609,0.627492,0.0928064,1.412,0.860894,-0.199865,0.474227,2.97348,-0.365062,1.42384,-1.77206,2.2664,-2.57911,-2.02304,0.91522
1.17728,1.88901,0.946104,-1.97696,2.31016,-0.404396,-0.596118,2.53625,-0.196509,-1.88663,0.817499,1.59328,0.547008,-1.68624,-0.577868,-1.18159,0.170781,-0.139317,-0.189607,0.477828,-0.133824,-2.78319,-3.30089,-0.498154,1.25825,0.275856,1.26256,-1.98107,1.04236,-0.347331,1.28382,-1.12061
-0.996762,1.60475,1.46712,-1.83999,-0.939574,2.26297,-0.627184,3.07324,0.0887784,1.66042,0.412402,1.25983,1.22675,1.62044,-0.471172,0.597979,-0.329387,-1.1308,1.55074,-1.45823,-0.659356,-2.62176,1.55495,-0.149205,1.79763,-2.6675,-0.860194,0.764275,1.95926,0.563585,-1.10633,0.911742
1.91153,2.25346,0.402631,-1.72827,1.79159,-0.0293279,-2.0947,1.6246,-0.165803,1.41804,2.81597,1.50063,2.48964,0.97876,2.2653,2.4326,2.01798,0.886593,0.746264,-0.337748,-1.24574,0.982482,1.71188,-1.498,1.38197,-0.128239,2.02249,0.636306,-0.515122,-0.901853,1.08631,0.241005
-1.91513,2.34538,1.91635,0.41966,2.42345,0.227149,-1.89535,-1.47487,-1.08673,-0.184759,-1.69133,2.44321,2.02768,1.71328,-1.69546,-0.532578,1.11426,0.141333,1.08893,2.06571,-0.317636,1.34144,2.1873,-0.714529,0.11655,-1.1702,-2.06568,2.30247,-0.129551,-0.360241,0.569589,-1.34327
0.204075,0.14811,2.18894,-1.82992,-0.117465,0.442302,0.759423,0.368328,-1.48055,0.422223,-0.155797,0.923277,1.62211,-1.00812,1.04581,0.290746,-0.762475,-2.16239,1.49131,-0.36198,1.41157,-0.159215,1.70446,2.17307,-0.491377,2.33866,-0.302316,0.285013,0.159215,-1.37623,0.293069,2.94677
0.973571,0.693381,1.3589,-0.245094,-0.847531,-0.6433,0.0931728,-1.29884,0.711966,0.0508136,-0.774987,2.55125,0.504257,0.415448,0.567614,-0.0264903,-0.520249,-0.308911,-0.83813,1.36274,2.30097,-0.904294,-0.543748,0.833552,-0.0429699,0.862423,-0.424695,2.30681,0.897579,-0.0442214,3.69774,-0.862146
0.640855,-0.674856,-0.662221,0.677293,0.748954,-0.0357373,1.43263,1.11212,1.28266,0.713675,1.47221,1.08856,-0.289987,0.628221,0.396649,1.88144,0.391488,-1.6739,-1.81473,0.937254,-1.97427,1.76852,1.67324,-0.281168,-0.716239,-0.971644,-1.05396,-0.311442,0.553087,-1.91675,-2.90967,0.77044
0.59172,-1.43739,0.0470595,0.802121,0.899716,0.555528,-0.147557,-1.78945,1.24884,-0.357463,-0.451642,2.41459,1.69793,0.80401,-0.42222,0.260964,0.24778,0.0294499,0.802851,-0.90698,-1.50624,0.92859,-1.56966,0.862575,2.46928,-2.22838,-1.54262,0.0691856,-2.59361,-0.6834,0.925598,-0.497238
1.2848,1.4153,0.821343,0.306803,0.930113,-0.533372,0.730522,-1.63082,-1.84481,0.714314,0.240154,0.248447,0.23368,0.96204,0.295083,0.294534,-2.77795,-1.27174,-3.29178,-0.161718,0.607595,0.373028,0.347117,1.25879,-1.3249,0.00411952,1.47035,1.3083,-0.139592,0.235329,1.90597,-0.311168
-0.399155,-1.49581,-0.848013,3.2357,1.22813,1.75344,-2.91431,-0.108959,-1.93331,0.391151,-2.01505,2.71242,0.466567,-0.621388,-1.5342,-1.06616,-0.800012,-0.292398,-1.56722,2.75859,-0.883666,0.586413,-0.0976287,-0.0156865,1.2458,-1.85067,-2.07055,-1.78402,-0.112705,0.13895,-0.571795,1.23386
1.27522,-0.975952,1.78207,2.18918,0.336283,0.555285,-1.10096,-1.67208,1.36265,2.25199,-0.693227,-0.268472,0.574327,-0.840388,-0.745536,-0.784539,0.20954,1.93429,-2.13913,0.688771,-2.07011,-1.50707,-0.795892,1.30537,0.554186,1.72988,-0.92761,0.615709,-1.81869,-0.378277,1.77566,0.226905
-2.52657,-1.15501,-0.744742,-1.57161,-2.0936,0.555123,-0.990115,2.19742,0.717277,-0.822592,-0.629688,0.0495922,-0.216712,-1.61831,2.11038,-0.944025,0.768818,-1.30222,0.164159,-2.51374,-1.16474,-0.779048,1.34028,-2.7138,0.130131,-1.73885,-0.147191,-2.86319,-0.291177,-0.670458,-0.0278642,0.210852
-0.163456,0.172582,0.777793,-0.797723,-1.25995,0.362835,0.490585,-1.86557,-0.716178,-1.64614,-1.19129,-2.2092,-0.709646,1.99801,1.10458,0.269635,-2.52867,-1.84145,1.12268,-2.31034,-2.07874,-1.05481,0.488326,0.672474,1.79687,-0.939024,1.68758,1.95114,0.116036,-2.09851,-0.329203,-1.02417
0.885004,2.25132,1.41566,-0.44084,-0.457867,-0.413801,1.1432,-1.31105,3.4569,1.33351,2.09689,-1.45826,1.09992,0.453902,-1.22846,0.658071,1.13245,2.8862,0.462447,0.501816,-1.37254,-2.21824,0.651601,1.27876,1.48622,1.99636,-0.894955,-0.862911,-0.141519,0.864864,1.08435,0.511767
0.609426,0.532272,2.14383,0.299722,-1.53047,0.601916,0.30491,-0.482467,-1.18219,0.512467,2.08646,-1.06073,1.85903,-1.62331,-1.14234,2.94882,-2.00266,2.23783,0.301065,-1.82598,-2.19642,1.52345,-1.22901,-0.910154,2.0849,-2.10715,0.885581,0.996094,-0.0874356,1.52883,-0.490097,0.29667
0.506944,0.752863,-1.45564,-1.34321,-0.569323,-0.672841,1.33009,-0.14011,-1.24107,-1.81087,1.78811,-1.81466,-2.25157,0.782403,1.28452,-0.424848,-0.176366,0.456588,-1.63519,-0.295175,-0.45036,-1.29823,-1.5793,0.762447,-1.11677,1.15986,1.92984,-0.225107,-2.0568,-2.1691,0.825617,-0.398969
-0.132175,0.937439,0.0372923,-3.41574,-0.689688,1.14332,-1.97647,-1.33515,-1.62948,0.816464,-1.58688,-1.95059,-0.677569,1.33869,1.93304,-0.99649,-0.745476,-0.560229,-0.320841,-0.409559,1.77822,-1.4717,0.0348512,1.91623,0.452315,-1.35734,0.341472,-1.77511,1.25776,-2.49937,-0.215796,3.06704
-2.0621,2.11969,-0.434614,-0.277261,-0.990357,-1.40468,2.59654,1.09766,-1.25428,-0.64861,0.0798673,-1.76632,0.651479,-0.101291,-1.086,-2.02609,0.982543,-2.27177,-0.77636,-1.72744,0.425947,1.52376,0.0950039,0.172033,-1.84988,0.786247,-1.2179,0.605151,1.01007,2.09836,0.175268,-2.26027
-1.3024,-1.44734,1.0448,1.13025,2.63958,-0.0804769,-0.846248,0.146059,0.227974,2.45567,-0.197607,-1.01257,1.09162,1.49098,0.523118,-0.759697,0.263069,-0.52144,0.293924,-1.56521,0.593249,1.5547,1.86801,0.364084,-0.133091,-0.137701,-0.858577,2.0615,0.558397,-2.23673,0.460616,0.167028
-1.19093,-0.92761,1.73385,0.181574,1.41444,-0.0821862,-1.19812,-1.34242,0.217506,-2.20115,0.685169,2.19047,1.01623,-1.98459,-0.915952,-0.811944,-2.16974,0.669241,1.34724,0.252723,0.598284,1.97552,0.998352,0.3314,-0.394696,0.449263,2.27048,-0.0435194,-0.2219,-0.0143134,2.00778,1.14801
-1.20502,0.127293,-0.302163,1.34773,-1.26734,-0.215369,0.920529,1.68166,1.59065,-2.14829,-0.00949145,0.193823,1.84658,-2.04959,-0.375682,-1.5323,1.48177,0.484909,-0.358137,1.43959,-0.364636,-1.55336,-0.992432,2.98898,0.200388,-0.0694293,-1.03137,1.71938,-1.31575,1.77294,-0.272317,-0.179724
-1.03534,-0.789304,-0.0821904,0.805597,-1.91916,0.541917,0.688864,-0.925657,-1.23408,0.164037,-1.20447,0.861691,0.423139,0.695976,-0.81823,-1.09247,-0.619987,0.579057,-0.235054,-1.28055,-1.07019,2.13291,-0.387223,0.24308,1.222,-0.849913,-0.391522,-0.231727,-1.29176,0.132481,0.678457,-1.77642
0.379713,1.20106,-0.986775,0.326704,0.0999839,2.45115,-0.654744,-0.965667,1.67385,2.33835,1.25083,1.28596,0.869202,-0.689871,0.45128,1.88632,1.01361,0.119781,0.486313,0.270486,0.132538,-1.48638,-0.725578,-0.915404,-1.90798,0.670644,-0.00369299,0.309183,-2.3856,1.83297,1.17688,1.13239
-0.674734,-1.27134,0.265297,-1.15876,1.23536,0.659804,0.447126,0.0111393,1.92948,-1.7354,0.343974,2.06253,-0.489453,-1.89456,1.95635,0.497268,-2.37004,-0.656545,-1.56172,1.28627,-1.58577,-0.133945,-1.49922,1.84109,-0.233314,-1.02667,3.1845,0.913632,-1.12018,-2.20352,-2.17069,-1.02155
-5.84679,1.13843,-3.32948,-12.3267,-18.4769,-2.05489,-0.886163,-4.49587,-1.41226,0.740291,-0.146733,-7.10667,-1.81576,0.313883,0.789542,-0.476051,-0.700552,-7.23168,1.07251,-19.2812,-11.753,2.16642,-0.892208,-11.5462,-8.69152,-7.73559,0.55303,-0.208594,1.67922,-8.06606,-2.50535,-6.1736
-0.460067,1.05624,-0.165502,1.08911,0.945097,-0.479049,0.6339,-0.362682,0.274972,-1.01816,-1.43837,0.995181,0.217506,0.286233,-2.77237,-2.5844,-0.550493,-1.19971,-1.26991,0.795159,2.74212,-0.451366,-2.04818,0.0799277,0.599628,1.96897,-0.00186158,-0.268227,0.209846,-0.634266,-1.40715,2.12971
-2.40727,-0.408581,-1.87051,2.33287,0.0894498,2.5808,0.898065,1.06287,-2.04374,-0.0125421,-1.42433,0.656301,-1.33124,-0.820795,1.35341,-0.273476,-0.953005,-0.522452,0.0255438,-1.65859,1.3462,1.13471,-0.156071,-1.73766,2.11771,-1.42372,-0.768914,-0.0164491,-1.85299,0.163244,1.48686,-0.902402
0.632802,1.84286,-0.222876,-1.96585,0.974791,1.79134,2.79406,0.503525,1.2779,-0.858822,3.25318,1.65966,-0.188024,-0.538832,0.0228582,-0.641956,1.23536,0.704279,0.357894,0.126805,-1.01685,-0.0981481,-2.12751,0.572193,0.397626,0.930932,1.38502,-0.4279,1.5511,1.0173,-3.54246,0.345104
0.759148,0.220374,1.4734,-0.0532201,0.216346,-1.13285,-1.34992,0.0606402,0.439681,-1.42415,-1.19001,1.64302,2.01852,-0.119541,1.4958,-1.11899,-2.54152,-1.59395,-0.572925,1.20215,0.157506,-4.50117,1.46181,1.27643,0.729423,-1.69509,-1.10321,-0.435224,2.15402,0.491897,-0.408979,-0.117892
1.15271,0.371807,1.73721,0.386334,0.958127,3.03376,-1.9238,0.793695,0.692618,-0.853698,-2.06565,1.01468,-2.15424,2.52375,-1.19217,2.13073,-1.5417,-0.700125,0.982055,0.994261,0.911436,0.225868,0.808832,-0.544023,0.0622273,0.0791349,-1.15498,0.560777,-0.0230412,-0.936736,-1.38459,2.65373
-0.265297,1.2107,0.292092,-0.521465,-2.08012,0.523244,0.0834956,-2.14713,-0.863397,1.63382,-1.64192,-0.972717,1.90445,1.09146,2.26915,-2.3086,-0.663593,-1.31013,-0.188879,1.05475,1.331,0.113315,2.3556,-0.0743431,1.43214,-0.126011,0.122287,0.566759,-1.1966,-1.03009,0.0793784,-1.79433
2.01083,1.20215,-2.72271,-1.57112,-2.71453,1.34077,-2.27268,2.2721,1.1728,-0.877252,-0.338176,-1.01776,-0.304301,-0.224342,-1.36592,1.09003,-2.73187,-0.821894,-0.151427,0.522293,-0.35258,-0.648366,-1.05126,-1.83132,1.51301,1.90988,-1.94119,1.52944,1.9017,-0.203102,0.86224,-0.0137033
-1.30634,-1.84295,2.42558,-1.09394,-2.09519,1.78249,-0.657582,1.13825,1.16266,-0.714531,0.585803,1.35379,0.0915856,0.178193,0.671865,1.06366,-1.05853,0.203894,0.876247,-2.20719,1.60482,1.83584,-1.75201,2.14713,2.13279,0.454146,2.55296,0.706107,-0.0734584,0.662649,-1.48793,-2.22202
0.117496,0.312296,-0.291753,0.213111,-1.65285,-1.06244,0.886903,0.783254,1.4919,-0.141762,-0.171911,1.24525,-0.294259,-0.614002,0.0719322,1.14512,-2.49125,-1.11719,1.04874,-0.979248,-1.44273,-2.4174,-1.95144,-0.0871911,-0.188025,2.27717,0.333626,-0.938629,0.00869731,2.07959,-1.60659,1.60085
1.0224,-1.20386,2.10629,-1.45368,1.19068,-0.163576,1.16108,1.70327,1.37703,-0.00289946,0.755913,0.655449,-2.1728,-0.774189,0.0749536,-1.57759,-1.18384,0.591476,2.88922,-1.93667,-0.0410474,0.298593,-1.74343,1.02563,1.87484,-0.0848724,-1.17408,0.163793,-1.86319,-0.884887,2.44957,-1.34748
0.342236,0.235783,-0.795769,-0.944704,-1.69979,-1.26569,1.32057,-1.08011,-1.0921,-1.70125,1.49016,1.05023,-3.39735,-0.0769982,-0.158666,0.59267,2.13029,0.332618,-0.348003,-1.12079,1.23377,1.5245,1.25764,-2.58162,1.00787,-0.946044,-0.0118414,-0.874386,-0.15775,-0.931028,-0.904934,-1.47109
0.133305,-0.110447,-0.634205,0.933771,-2.75792,-1.40168,2.60643,-1.4369,0.668508,0.165502,0.738579,-0.681386,0.00405966,-0.470138,-0.754753,-0.593371,-0.927152,-0.263161,-0.379314,0.383343,-2.60833,-0.542251,2.09152,-0.852352,1.253,-1.36634,0.736038,-0.313822,0.312967,0.91821,-1.43825,0.191076
0.0482502,-1.90237,-0.308878,1.05011,-1.56245,-0.268716,-1.64565,-0.0243841,2.54631,-0.232703,0.229469,-1.64558,-0.363995,0.702139,-0.0700403,2.49315,-0.0702537,0.688345,-0.280374,2.18888,-1.33686,-1.13789,-1.04862,-0.816034,-3.04489,-0.36137,-2.89922,-1.59584,-0.0401618,-0.162577,0.304852,-0.0292387
0.584216,-2.08316,1.03002,-0.258034,-0.737267,2.30803,1.45784,-1.17359,2.91787,-1.3686,2.54308,2.17081,3.48155,0.954586,0.739006,-0.0630206,1.9249,-1.39869,-1.52473,-2.55501,1.97544,1.07813,-0.371198,0.461378,0.723685,-1.88766,1.98415,-0.0876185,0.605275,0.0154118,-2.31034,1.11744
-1.38392,-0.0734002,-0.6035,-2.39058,-0.55205,-2.23014,0.66216,-0.0544145,0.456069,2.04569,0.351235,2.33909,0.392195,-0.142979,1.01227,-2.80294,-0.149999,-0.417158,-1.45533,-0.844173,-1.08539,1.08398,2.96539,-0.727165,-1.4728,0.086518,-1.06311,1.2663,-1.99698,-1.4105,-0.868099,-0.664235
-2.42289,-1.39164,1.70067,1.23234,-1.40046,-0.0755947,0.859951,-1.11408,1.20258,-2.60936,-0.976436,1.94998,1.4424,-0.465072,-1.60402,0.850154,1.49013,1.0332,0.28944,1.88608,1.66537,-2.57329,0.00930777,1.7269,-1.89627,1.07611,-0.250465,-1.02436,-0.430159,-0.387979,-0.00106819,-2.41322
1.11518,0.755122,-1.1005,0.604846,-3.28296,-2.59309,-0.16013,0.344341,2.14438,1.50075,-4.08597,1.15149,-1.52095,-1.03808,-0.87994,-2.88931,1.28724,-1.91897,-0.984833,-0.973754,0.114505,-0.730033,-1.70375,-0.323771,0.820242,-1.92966,1.50966,-1.07599,-0.678915,-2.53029,2.09122,-1.08893
-0.798662,1.6386,0.239357,1.69643,1.0438,-0.0836202,1.8229,0.427534,-1.99582,0.00167893,-1.15741,-0.356426,-0.644519,0.447309,0.438338,-0.379131,-0.724538,1.26569,-2.13346,0.978271,-3.18717,1.45357,-0.264321,-0.54845,-0.58562,0.328165,2.13236,0.90307,0.408978,2.04153,-2.45027,1.65304
-0.543507,-2.08536,-1.30988,2.04376,-0.0159258,-2.27186,2.0195,0.61095,0.296611,-1.31043,-0.541582,0.379559,-1.56344,-0.926023,0.700671,-1.48952,-0.407453,0.70238,1.08414,0.167882,-0.952513,-0.211157,-0.579455,0.767144,1.09876,-1.22876,1.25891,-0.241431,2.16165,0.875785,1.07392,0.126804
-2.85076,-0.057405,0.791073,0.369183,-1.12488,1.21802,-1.90329,0.00125076,-3.37247,1.1145,1.584,-1.05152,-0.902467,-0.776543,2.49676,0.337656,-1.24482,0.451521,0.284162,0.588214,1.76424,0.725517,0.348094,0.943602,-0.352855,-1.04035,1.76461,-2.71264,-1.09079,-2.03324,-0.841975,2.43633
-2.11747,0.289379,-1.83541,2.06591,0.723136,-0.509751,-0.996337,0.444834,-1.34089,-0.535081,-0.707175,2.37572,-0.559618,0.270855,-0.182226,0.329294,0.0138558,1.50426,2.50957,0.741691,-1.03369,1.22022,-0.209203,0.14264,-0.0987879,0.755024,1.40483,-2.42345,-0.423808,-0.475387,-2.8492,0.809505
-2.47465,-0.157811,0.752739,-1.05902,-0.525683,2.05485,-1.20969,2.06973,1.68392,0.716849,0.445112,-1.32618,-1.3339,-0.387188,0.585437,1.93148,-0.187877,1.79501,0.493698,-0.721061,1.76089,0.610096,-0.486858,1.28278,-4.60868,-2.07938,-2.11579,-1.00647,-2.60088,-1.14899,1.38618,0.160924
-0.84698,-0.238509,-2.15659,0.464647,-1.17106,0.129002,-1.43907,0.450391,-3.72934,-3.15426,1.77468,-0.49675,2.26823,-0.277875,1.54903,1.10993,0.926508,-1.03168,1.92542,1.21863,1.41694,-0.655687,-0.133152,-0.721427,-1.80227,1.03046,-1.3586,-0.882384,-1.15003,-0.344646,1.11169,-0.825373
1.80575,-1.6473,1.8345,0.283456,0.218147,0.654836,-0.704462,0.504807,-1.40309,0.817925,0.69121,0.378277,0.510087,-0.233924,1.48732,1.26307,0.322428,-0.140233,0.24662,-0.339579,-0.0175482,-0.668813,3.73596,-2.45042,1.40093,1.22162,-1.30439,-0.909575,2.04837,0.635243,-0.115478,-1.62276
1.76668,-0.206457,-0.482157,-0.990354,-0.629354,-0.654897,0.789478,1.08094,0.581592,0.161474,-0.00210538,-0.74395,0.847408,-0.720816,1.45601,0.957577,1.37467,1.00824,-0.173742,-0.951659,0.879392,-1.28755,0.935423,-0.627794,-1.30488,1.45491,-1.89584,-2.10642,-0.61217,0.541368,-2.30717,-2.34754
-1.52162,-0.0212105,0.443346,0.0202041,-0.813349,0.546067,1.43245,-0.0945458,0.895285,2.42289,-1.47328,-0.579821,-1.90366,1.33198,-1.44417,-1.03693,-0.823481,3.21882,0.553209,-1.89114,-0.0625327,1.48897,0.647938,-0.0600909,1.0929,-0.121861,0.0333568,2.10788,1.20014,-0.90106,0.877861,-0.848685
-1.63906,1.83541,1.69665,-1.11725,1.67229,0.304573,2.98401,0.524887,0.988159,-0.757256,0.467391,2.16648,-2.13162,-2.05625,2.57976,-2.46782,-2.12998,-1.58723,0.791467,0.201575,-0.172948,-0.435163,1.48744,1.45888,0.142279,2.94982,-0.939572,-0.991668,-2.07352,-0.360271,-1.66597,-1.70284
-0.355175,-0.172338,-1.81899,0.715659,0.966247,-0.577685,1.11621,1.82605,0.886776,-0.445295,0.736743,2.2515,-0.329387,2.71089,0.260476,-0.80145,0.617725,-2.18931,2.89062,-1.14182,2.0383,-2.07913,1.7954,1.2782,2.08292,0.815359,-0.98816,-1.47213,-0.179235,0.670896,2.45121,-0.913816
0.364602,0.737815,-0.0326854,0.910398,1.08335,0.116032,1.60308,-0.0606099,-0.515126,1.9924,-0.0716274,-1.59829,1.32545,-0.016877,0.195685,0.485335,1.16242,1.71279,-1.73879,1.8193,0.298925,2.10822,1.02396,1.06122,0.551924,2.53527,1.93857,0.672292,-1.01294,-0.79107,1.57906,-1.53517
-0.96539,-0.219703,-2.63512,-0.690907,-2.7816,0.882504,-1.7369,-2.43822,2.14194,0.208717,-2.75951,-0.511582,0.0654012,-1.05262,0.373333,-0.230201,0.236366,1.52809,0.599841,1.22578,2.98383,0.567066,-0.754357,-2.09367,2.27928,-1.69271,0.847287,-0.911466,-0.974426,-1.1492,-1.43981,-0.527931
1.52742,0.206671,1.3192,-1.77844,1.49489,-0.0081182,-0.0807218,1.27815,2.08859,0.762867,2.03733,1.47871,-1.6343,0.471541,-0.972869,-0.177893,1.36802,3.01627,-2.0029,1.8995,0.663014,-0.595879,-2.48772,0.443251,3.10849,-0.930696,0.257607,-0.472518,1.03583,1.28431,-1.61947,0.838315
-0.341472,-0.721397,0.879268,0.0979937,-0.637168,-0.0665606,-2.27567,2.19254,-0.908688,-1.77493,2.11472,-0.773734,1.02466,0.279091,0.724601,0.708548,-0.0943021,-0.221135,-2.80502,1.38963,-1.4611,0.876402,1.99307,1.7347,1.46627,0.37812,-1.45466,-1.01703,-1.09131,-0.227943,-1.09442,2.90652
-3.08817,-5.3367,-2.168,-8.48367,-0.836974,-1.12099,-7.21244,-1.25581,-3.83274,0.980899,-9.04159,-6.39547,-10.5966,-0.488999,-9.72796,-2.62176,-18.0508,-10.3559,-0.381817,-4.13727,-0.696765,-5.70042,-7.04011,-4.1814,-6.70084,-4.78537,-3.33559,0.0791349,1.49764,-11.6259,-1.40123,1.3133
-1.17963,-0.694784,-0.0752894,-1.01996,-0.355633,-0.19657,0.993866,-0.172033,-0.769038,-1.08677,1.69918,-2.25437,-1.12461,0.599231,-0.305521,-4.70138,-0.120914,0.937803,-0.732598,2.94864,0.342021,2.56512,1.31031,-2.62731,-1.07553,1.18287,-1.25831,-1.39568,1.45692,0.699149,-1.98941,-0.335001
-0.408978,0.509628,-1.44435,-1.31764,0.528275,-0.524613,-0.27543,-2.10556,0.15006,1.67342,-1.51131,-2.90476,-1.69509,0.845142,0.845575,0.0201119,-0.987184,-0.0082098,1.97378,-2.58027,-2.09958,1.30021,-1.11261,-1.8537,-0.327983,-1.33213,-1.32831,-2.32927,0.169653,-0.952879,-1.2592,-1.84402
2.01797,-1.72442,-2.33756,0.0019837,-0.344955,0.049623,-1.71939,1.15247,-1.18155,-1.20716,-0.386456,-0.521439,-1.6042,-1.26448,0.876217,2.0604,0.74926,-0.165836,-1.42158,0.265515,-1.82971,-0.567064,1.99414,1.86032,0.47563,0.585162,0.841676,-0.74352,-1.30891,-1.28059,-0.922751,-0.0893887
-2.42195,-1.50258,-0.866543,-2.60161,1.42476,-1.28858,-1.55239,0.0955532,0.645802,-0.676866,-1.12225,-1.26063,-1.06272,-2.34391,0.107334,-0.414013,-1.53219,-0.4601,-1.26692,-0.544512,1.4304,0.239356,-1.19712,-1.29005,-0.933469,-0.123112,-1.31795,-2.03775,1.16877,0.209267,1.04633,1.36329
-1.0925,0.0818206,-0.306986,-1.58388,-0.492691,3.02512,0.519578,0.38139,1.22218,-3.67845,0.117832,0.167516,-0.234291,1.2558,-1.54817,-1.22382,2.56353,-0.233192,2.72752,-0.405438,-0.768486,-2.72442,1.11591,-2.37906,-0.41905,1.25044,2.47041,0.0879235,0.123936,-1.19077,0.536911,-1.73196
1.35981,2.6469,0.764738,1.54125,1.74649,0.579211,1.69473,0.264932,-0.97196,-0.853663,-0.36494,-1.2154,0.709769,1.6736,-0.0857874,-1.85708,0.0661646,1.0481,2.47496,-1.43968,1.90872,-1.55922,1.66841,1.94845,-0.486065,2.29813,-2.07461,-1.01901,2.05356,-1.51884,-1.15763,-0.521714
0.263982,-0.277383,-1.27171,0.0695519,-2.40154,-0.530137,-0.0257573,-1.83816,-0.710261,-2.54265,-0.507004,-0.80749,-0.593982,-0.364666,0.921507,1.97556,0.339824,-1.82095,-1.73812,-0.763298,-1.98294,4.3057,-1.57399,0.285438,0.810968,1.71987,2.02451,1.49422,-0.0147404,0.555529,1.81814,1.14274
-1.37886,1.30488,0.953461,2.38746,2.66818,0.765252,0.3867,-1.02912,3.23908,2.11108,0.237251,0.442671,-1.63225,-1.70857,0.848933,0.101657,-0.24601,1.76718,-2.84069,-2.31574,-0.369548,-1.26399,-2.36655,-2.38404,1.25203,-0.953859,-2.71581,1.63686,-0.910335,0.93561,-0.877712,0.752465
-0.464095,-1.06348,-0.639942,-2.2872,-0.111575,-0.515732,1.21521,1.58846,-0.40379,-1.37714,0.126011,1.22584,-0.779904,0.975587,0.983457,0.399396,-0.700612,0.185217,1.6863,-0.263344,-2.32548,-1.03821,0.740653,2.72942,-0.953732,-0.121373,0.91345,-2.71511,-1.35389,-0.567613,0.17246,-2.71825
0.810565,-0.664113,0.868771,0.922174,-1.63149,-0.485092,-2.17539,1.44514,0.383831,-0.00796529,1.91207,0.944577,1.36131,-2.45463,-0.575729,0.752495,-1.60122,-0.661244,-1.22218,-0.452275,1.25794,0.870113,0.937373,-1.86123,1.12775,-0.854549,-1.15473,1.81589,1.7073,-1.74319,1.10394,0.2443
0.322192,2.50487,-0.605701,-1.12305,-2.46227,-2.6491,-0.492233,-0.768246,1.02628,-0.654561,1.84848,-1.60811,2.30064,-0.928739,-0.446333,1.14679,-2.85464,0.110691,0.501937,1.7576,0.429853,1.00854,-1.20283,0.411817,1.63781,-1.60891,1.36982,0.311194,-0.754082,0.169959,-0.597338,0.723136
1.12665,0.723685,1.96994,0.978051,1.91912,1.59396,0.585619,2.12088,-0.76165,0.603931,-0.116123,0.768975,1.38386,0.0597533,1.18,1.32661,0.50969,0.537827,-0.618274,2.08127,-0.759945,0.141148,2.8562,1.46217,-1.34407,0.0588092,0.918696,2.06992,0.780084,-0.0251781,2.05747,1.11646
-0.540147,-2.00924,1.61907,0.607046,1.61586,-1.24763,1.52308,-0.440595,-0.552233,0.726737,-0.292947,2.77276,-0.312754,-1.52153,2.00369,-0.199408,1.1709,0.0138248,0.14652,2.38732,1.13904,-0.400525,-0.902007,-0.932585,1.05517,0.302957,-1.5732,0.348064,0.810113,1.04526,1.46144,-0.923215
0.601489,-0.711291,0.311654,-0.872769,2.03263,0.720876,-1.45136,-0.209997,-0.318156,-1.23389,0.736138,-1.11853,2.20856,-0.241737,0.311137,0.899468,-0.0460255,-1.56783,-0.882931,0.924375,0.140172,-0.787411,0.415326,1.68914,0.562852,-1.49794,-1.44539,0.903012,-1.76898,-1.04801,-0.572191,0.90289
0.383587,-0.809993,-1.11066,1.08982,-1.10526,1.57094,0.693716,1.31874,0.6538,0.0406206,0.302834,1.3025,0.78869,0.144231,-1.01529,2.65807,-0.644309,0.45714,-1.17731,-0.40056,2.16795,-1.29221,-0.351543,-0.284219,1.26215,0.00442479,1.10468,-1.14347,0.0628041,1.10776,-1.75149,2.66337
-0.22367,-0.236884,1.47975,1.2613,0.770135,-1.13282,2.15073,1.37181,1.18183,0.910005,2.36387,-1.44795,0.800104,1.15577,1.51374,0.239414,-1.17353,1.87719,1.4054,1.19013,0.633015,-1.66389,-1.06745,1.55195,0.72182,-0.705069,0.733573,-0.867916,1.26688,0.383038,-1.10843,-2.03544
0.115695,0.0818199,-1.53816,0.388165,1.63287,0.743336,-2.72307,1.04315,-0.823481,1.61261,0.506821,0.90173,-0.503464,0.963927,-0.562123,-2.1684,-3.57795,2.02591,-0.426618,-1.4369,0.266978,-1.89755,-0.227822,-2.71288,-2.18641,-0.767236,1.8978,-1.21235,1.55989,-0.655934,-1.91586,-2.72671
0.281167,0.316629,-1.77496,0.217444,1.047,0.4008,-0.83227,-0.413739,1.24805,-0.671438,1.16571,-1.15155,-1.39796,1.35664,-0.178381,-1.50209,-1.74551,0.121556,-1.35859,-1.08911,0.346961,3.01902,0.0660423,-0.276772,-2.21763,-0.563341,-0.143162,-0.134861,0.294504,-0.503159,-1.50551,0.323283
-1.65248,-1.32231,2.46459,-3.71285,-0.118747,-0.601275,-0.0790121,-2.07547,1.81912,-0.103366,-1.21385,-0.322607,-0.210734,0.470504,-0.139927,-0.822443,0.477217,0.277322,-1.2584,-0.312138,1.63723,0.0206302,-0.638177,2.20041,1.08753,-1.1637,0.645004,-0.804132,0.983032,2.24881,-1.6324,0.329111
-1.17145,1.39961,2.04367,-2.87835,-2.10972,-0.59496,1.25376,-0.126408,2.51098,0.00183114,-1.17591,1.87985,0.905973,-0.392744,0.290201,-1.49666,-0.359176,-0.98511,1.99234,0.383465,-0.312357,-1.74337,1.30469,-0.75689,2.40403,2.52012,-2.57104,-0.0627765,1.8887,0.922059,1.11716,0.262672
0.573286,-1.82772,-0.381151,-1.26527,0.171484,-1.07392,1.53658,0.289127,2.47475,-0.12247,2.43138,1.31166,-0.0753178,-0.394085,2.01577,1.93643,0.684988,-1.2071,1.15363,-0.240427,0.891018,0.306253,-1.52541,0.560168,-0.244056,-2.14078,-1.43791,-0.481796,0.0323806,0.553758,0.302408,-0.329813
-0.918087,0.478682,0.789057,0.731712,-0.167272,-1.8829,-0.455916,-0.744011,0.643119,2.41032,-0.168188,0.872191,-0.149233,1.05664,0.531846,-1.41969,2.31428,-0.931486,-0.151767,2.34373,0.0781883,-1.01038,-0.0140083,1.2992,0.340097,2.26496,-2.15067,0.657336,1.97867,0.000336181,1.62893,-2.00357
-1.43117,-2.22791,-1.15253,-0.101965,-1.34516,1.43172,1.18543,-0.202429,-1.03735,1.59651,-1.42384,1.54036,-1.70248,-2.13675,1.20912,1.57497,-0.891359,-1.07977,-2.99674,-1.81857,0.205844,0.463912,-0.572863,-0.930874,-3.40369,-0.265355,1.91379,-0.631886,0.979794,-0.630421,-1.92191,0.66381
1.00616,3.19385,-1.40339,2.0604,-1.78427,0.131016,-1.98005,-0.561449,-0.184912,-0.196446,0.100162,-1.95746,1.64132,0.469039,-0.0224307,1.00012,-2.01505,0.538134,-0.236915,0.621815,-1.3813,-0.00207537,0.498947,-1.76577,-0.883691,-0.935662,-0.911801,-0.805167,-2.54097,1.12372,1.6006,-1.95007
-1.04852,0.0492567,-0.617479,-0.316874,0.40788,0.54033,-1.15177,0.542192,-0.215552,-0.889462,0.323832,-0.800892,-0.488296,1.07843,1.97446,0.378923,1.92672,1.57472,-1.11805,-1.01154,1.15492,-1.22217,-0.166295,1.00448,0.0307922,1.1882,2.13986,-2.02042,0.536393,0.0344549,-2.57665,0.948483
-0.604232,2.97968,-0.13889,0.323217,1.28901,1.27558,-0.449717,-1.83223,-1.00824,2.43913,-0.754174,-0.0824301,1.94052,-1.79226,-1.42894,1.25666,-1.56502,-0.83636,1.06531,0.167338,0.87756,2.06772,-1.68294,1.0105,-1.78073,1.02948,1.29127,-0.670034,-1.82845,0.241039,-1.79007,-0.642201
-0.875243,0.97668,-0.398485,-0.352031,1.35963,0.617268,-0.576955,-0.171511,1.46058,-0.114292,1.13544,-0.174933,-1.76174,1.32911,-1.6064,1.07465,-1.58675,-0.172948,-0.172704,-0.0732143,0.834558,1.78643,-0.820915,2.31956,0.833186,-0.974913,-0.500045,-1.8923,2.05896,0.772942,-0.272314,0.51579
-2.04605,0.393597,1.0683,2.19864,0.103484,-0.250954,1.37049,0.864619,-0.96246,-2.2331,-0.82653,1.30177,0.0285014,-1.17847,-3.10159,1.47771,-0.449931,-2.08316,1.54732,1.48354,1.64565,1.35616,-0.692315,-3.44703,-0.141698,-1.26685,-1.57384,-2.26695,-0.531571,1.50758,-0.922854,-0.681997
1.18762,1.13514,-1.65011,-1.57698,-1.25737,-2.43187,1.8768,-0.505295,1.99313,-0.0987277,-1.8753,-0.606739,1.755,0.837824,1.73019,-0.660456,1.18171,-0.143834,-0.282815,0.472396,1.12952,0.84698,2.24864,-0.815607,-0.498459,2.05344,-0.706657,-2.21212,0.59331,0.582508,-0.237404,-2.33592
1.64645,-0.852967,-0.382366,1.69137,-1.36903,0.850946,-0.854427,1.95279,-1.21235,2.1564,-1.49818,0.777032,-1.12647,-0.0748004,-0.354717,-1.04638,1.63522,-0.594134,0.371562,-4.14234,-1.1471,1.41908,-1.90576,-1.52262,0.824462,-0.413556,-0.589862,-2.40239,-1.95304,-0.365337,-1.33771,2.02158
0.995484,1.62984,0.145386,-0.731075,-2.02521,-0.540574,1.5139,3.89282,0.680567,-0.637959,-0.242042,1.36119,0.800408,-0.936704,0.113864,-0.482348,0.5385,-1.44252,-0.606002,2.25483,0.241005,-1.79794,0.500778,1.33046,-1.07947,-1.09735,0.956603,-0.219794,1.52028,0.804532,0.172765,-1.55165
-1.10413,0.353245,-2.99039,-1.13822,-0.651352,-0.645802,-2.1081,0.831783,0.0954278,-0.180609,-0.517438,0.709341,2.50524,1.83639,-0.823054,-0.554857,-0.55266,-0.231059,1.31782,0.587451,-0.840297,-1.38783,1.76394,-2.09156,1.77868,1.63778,-1.52327,-0.123752,-1.84994,-0.812009,-1.7969,2.08854
-8.73523,-22.1872,-13.1009,-20.0863,-2.36536,-0.491806,-2.03724,-1.20234,-7.45902,0.920521,-1.17452,-2.0922,0.870299,-2.41473,1.22456,-1.44423,-14.3222,-7.25523,-8.58971,0.337138,-2.12283,-1.81247,-15.1398,-7.53358,-2.69655,-5.89035,0.539174,-8.86784,-0.690421,-9.79865,-1.66414,-6.41759
0.171362,0.355815,0.505417,-1.42394,2.37193,0.4297,-2.21086,-1.53719,0.47789,-2.60069,-0.369243,0.617236,-1.56685,-1.79287,-0.424783,1.33168,-0.311015,-0.129856,0.221167,0.817194,-0.479781,0.106688,-1.83584,-0.678824,-2.16635,1.91519,-0.0178486,0.223696,-0.65154,-0.811151,-2.14554,-1.43708
-0.111424,-0.825434,0.949705,-0.453292,-1.47475,-0.039278,-0.190161,-1.41405,-0.47847,0.162633,-1.29981,-1.69796,-0.985168,0.784295,-0.26365,2.25657,1.09619,-0.499679,-0.362255,0.406537,1.50691,3.33254,1.39558,-0.304178,-2.50456,-1.37397,1.07349,-1.55794,-0.0533158,-2.63207,-0.747765,1.71072
-0.209992,0.406049,-1.46303,-0.535507,-0.807853,0.551499,-0.489029,-2.81323,1.56843,1.16828,-1.56264,-1.49647,3.72598,-0.479995,-0.580491,-1.30451,-1.64148,1.22355,-0.55547,-1.6329,2.21885,-0.0841391,-1.90997,0.652028,1.4322,-0.14951,-0.369488,-0.54827,1.01355,1.90805,0.843989,0.774164
0.175268,1.58073,1.89773,1.98109,-1.05875,-0.440596,-1.1344,1.19294,1.72189,0.724906,-0.420209,1.52168,3.68153,-1.7749,-1.43422,1.9548,0.343364,-1.43797,-1.45039,0.91791,-0.708611,-1.32163,2.75738,-1.63118,-0.282663,0.828118,-1.71285,-2.37138,1.55849,1.30604,-0.240639,-1.55641
0.951445,0.555162,1.98849,1.54466,2.31346,-2.13492,0.165135,0.844844,0.0239263,-1.28974,-0.630574,-0.856136,-0.268835,-0.598834,-0.794183,0.446639,0.972414,-0.901792,1.38337,0.660756,-0.493209,-1.94882,0.386972,1.16797,1.85872,-2.53889,-1.95822,1.33109,0.439809,0.993594,1.06165,1.74031
-0.672781,0.600511,0.870663,-2.29905,-0.281563,0.565295,-2.5532,-2.5327,1.08228,2.79345,-1.4081,-0.68395,-3.42918,0.937684,1.73891,0.423626,2.41398,1.68941,-1.83889,2.15318,1.22827,-0.259621,-0.772027,0.757683,0.691336,-1.80892,-0.462019,2.59185,2.20451,2.57227,0.778741,1.30458
-2.65926,1.58956,1.40499,1.31501,-0.855652,1.37663,-0.727531,-0.353615,0.432417,-1.10428,0.30253,-0.599777,-1.69124,1.23908,-2.30455,1.16736,1.79327,0.387429,0.886593,0.171056,0.382763,1.44575,-2.22953,-0.56798,2.0756,1.65237,0.225257,-1.87929,0.0185248,1.2923,1.43061,-1.59169
-0.445818,2.03384,0.0572224,-0.517324,-1.62548,-0.235817,1.23585,1.2147,-1.66048,0.683981,0.564806,0.755791,-0.982547,1.01511,-1.0047,-0.996216,0.183997,1.28492,-2.05081,2.61449,-1.32557,-1.48817,1.30116,0.232219,-1.69641,-1.32935,5.17536,-3.04432,0.3314,2.65545,0.0448317,0.827265
0.723197,2.56066,0.877162,-0.280404,0.176642,-1.52474,1.60451,0.981262,-0.0112004,-1.24531,0.483139,0.376873,0.842467,0.195532,-1.30244,0.704951,-1.20704,-1.24591,-0.998174,-1.76986,0.323862,-1.27247,0.93527,1.17224,0.894406,0.339091,0.873531,-0.366009,-1.64785,-1.16199,-0.674878,0.965026
0.257973,0.626393,0.90185,-2.19419,1.28669,1.98532,-0.723991,-2.50597,0.724662,-1.30818,1.49019,1.57973,-0.409531,0.892452,-0.106301,0.39848,-1.77139,0.194556,2.11643,1.32679,-1.53517,-0.414594,-1.45747,0.709586,-1.40007,1.00482,1.62538,1.06684,0.185828,-2.55937,-1.20195,-1.22086
-1.14204,3.46507,2.28013,-1.3675,0.752466,1.08533,-0.604843,0.885829,0.960629,-0.255288,-0.918274,-1.55422,-3.60661,2.70061,-1.92593,-2.20297,-0.204444,1.02393,-1.68282,-1.70928,0.707816,0.687668,-0.658376,1.03516,-0.0353714,1.26728,1.26222,-0.161962,1.09809,0.261422,-0.237587,1.43538
0.0241707,1.44847,-0.269264,1.61385,0.970397,-0.660146,-0.647328,-1.74834,-2.71307,2.86895,0.215247,-1.77191,0.698048,1.02716,0.585925,-1.17566,-2.20084,1.85183,-0.218665,-0.518415,2.31144,-0.664601,1.40562,-1.67678,0.117955,-1.20771,-1.12274,1.69924,1.02335,-1.12952,-0.48329,-1.79812
-0.934018,-0.146581,1.00272,0.0148621,-1.34486,0.192053,0.41282,-1.35493,-1.68264,2.0831,1.14075,1.95737,0.341166,-0.351116,1.3665,0.938715,-1.20289,-1.3202,1.52046,2.4594,-0.0423294,-0.0805382,-0.314188,-0.635182,1.17627,0.849361,2.0409,0.177953,-0.971981,2.05237,-0.00939579,-0.37962
-2.34025,-0.112064,0.799702,1.71484,-1.11725,0.664541,-1.2132,-0.321568,0.130864,-1.45064,0.777738,-0.839562,1.86783,1.90799,-2.6867,1.39967,2.2302,1.47969,-0.380479,0.30198,0.124668,-0.128941,-0.648858,-1.08789,0.0529495,0.161474,0.671041,-1.22041,-0.128575,-1.78488,-2.60202,-2.4995
-0.0560623,1.39454,-1.08063,2.13107,-0.0327461,1.56932,-0.893701,0.401501,-2.13781,-0.105746,1.13,-0.209998,-1.33421,1.12732,-0.168249,2.3914,2.3068,-1.0166,-0.626453,-0.849724,-1.60286,2.26828,-0.269509,-1.2823,1.74178,1.10889,1.33076,0.14304,-0.801447,-0.753567,-0.614063,0.407692
1.01801,0.153782,0.2125,-0.784112,-1.37086,1.16642,1.1626,-1.81716,-2.12622,0.0625324,-1.33949,0.847343,-1.47658,0.501693,-0.542955,2.47344,-0.703726,-0.58086,0.472033,0.505382,0.952632,-0.113956,0.75029,2.08537,-0.83196,-0.977416,-0.970305,0.756706,-0.765679,-1.05304,-2.41496,1.9227
0.411847,-0.959964,0.223731,-0.940023,-0.596973,1.30299,1.4767,1.52816,-1.47274,3.00286,-1.45943,-0.440046,-1.04416,1.13495,-1.98395,0.972289,0.582202,0.743034,1.09064,-1.78787,-1.51345,1.08881,-0.117801,0.530261,1.85299,-0.823664,0.489822,-1.03351,-0.916654,1.27394,-1.112,-0.937991
-0.689686,0.887969,0.943597,-1.84554,1.22559,0.491863,0.0607625,2.38528,-1.72939,1.75692,-0.352458,-1.77089,-1.18152,-0.235939,0.639027,0.321756,0.896695,-1.35005,0.279457,0.932554,-1.96823,1.42671,0.390972,-0.630543,-0.504715,-1.34876,-0.857784,-1.94349,0.210425,-0.867794,1.16303,0.817194
0.913752,-0.325785,0.269326,-1.31644,0.428297,-2.3712,2.846,1.24869,2.21705,-0.650995,-1.81906,-2.94309,1.50789,-0.446609,0.861873,0.947448,1.21149,1.1059,-0.271523,2.09805,-0.220954,0.810144,-0.787925,1.44673,0.116978,0.336894,-0.493942,1.40348,-0.973691,-1.42965,0.655569,-2.11062
0.915766,-0.971801,-0.695242,1.50206,1.66989,-0.817957,1.02454,2.08142,0.83303,-0.309824,-1.81173,2.52385,-2.2128,-0.487472,0.761404,0.992828,1.33113,-0.512009,-0.985839,-2.28287,-1.24915,-0.688711,-0.751641,-3.2155,-1.30451,0.175908,-0.0830354,-2.62157,1.14973,0.933653,1.34035,1.76775
0.670884,0.585802,0.899654,-2.33769,-1.05536,-0.664723,2.11057,0.503708,0.404708,-0.0458082,0.468368,0.246682,-1.98129,0.183447,1.08612,1.55636,-0.131962,-0.624256,2.99691,1.66359,1.57955,-0.645253,-1.82065,-0.375103,1.65316,1.05914,-2.13682,0.366221,2.34769,0.398175,1.65435,0.746727
-1.11407,-0.212134,-0.98941,-2.75646,-0.828909,1.08179,-1.05804,0.487411,0.0831022,0.696585,-0.378918,1.93444,1.29896,-1.68325,2.40013,0.837764,0.168859,1.61388,-0.399305,0.183113,0.0343035,0.422224,-0.344217,-0.657885,-1.55314,-2.68151,-0.101901,0.874142,-1.96383,-0.790704,-2.28624,1.12085
-0.82159,1.94583,1.13377,0.0761441,-0.70837,0.162265,-0.941224,0.326764,0.195471,2.34696,-0.704767,1.30506,-1.04047,-2.31254,0.496261,-0.442,-1.01746,-1.56074,0.148961,1.4352,-1.48586,-0.295507,-0.218207,-0.34257,-1.96133,2.07065,-0.707112,-1.41346,1.85512,-1.00782,-1.94394,0.748711
-0.933832,-1.38728,1.75009,-0.161962,-0.272258,-0.291483,-0.490282,-2.82122,0.404032,0.0377499,0.84417,-1.55293,-0.865723,-2.2736,1.56459,1.48085,-0.703269,0.483444,2.48534,-1.11042,0.140233,0.679495,0.501327,0.0227359,-0.416608,-0.967833,0.212012,-2.14133,0.236915,-1.48378,-0.0766656,-0.701591
-1.22273,0.596237,1.75826,-1.47737,0.157323,0.661814,-0.749504,-2.36204,0.906919,-0.809748,-1.08203,-2.38823,-0.366802,1.5829,1.09726,2.04171,-1.50301,0.370159,-1.9372,-0.974945,2.87762,0.638229,0.317545,-2.22563,-0.816034,-1.38819,1.26649,0.188513,1.33386,-1.84512,-1.69976,0.665762
1.53457,-1.74081,-0.723805,-0.892575,0.125711,-1.09058,0.572798,-1.32521,-0.0539565,0.384688,1.05036,1.91733,0.772942,2.40849,-1.21439,-1.69582,2.6957,-1.31898,-0.459029,0.628463,-0.464521,0.876644,2.25623,-1.00348,0.346292,-0.855098,0.876339,0.734916,0.976138,1.33692,-0.384927,-0.801874
1.1095,0.499431,1.12794,-0.175207,-0.83819,-0.251717,-0.58446,0.56273,-1.61019,0.880612,-0.308999,0.0325632,-1.69424,0.511273,-1.5349,1.85235,-1.28639,0.754749,-0.315958,-0.817378,0.0127252,-0.0627155,0.675584,-1.19996,1.0796,0.449634,-1.11695,-0.582663,-0.802301,-1.12879,1.3296,1.97574
-1.32505,-0.757566,-0.855708,-1.26636,2.20609,-0.483593,-1.56356,1.36512,2.09629,-2.24393,-0.462081,1.94449,-1.63851,0.525315,-1.27622,-0.458845,-0.19602,-2.06684,-1.7474,-2.60246,1.80111,0.771233,-0.500473,-1.09162,-0.208106,2.0925,-1.50637,-1.30879,-0.731376,-0.365215,1.5381,-3.08262
-0.361797,-1.68099,-1.18421,1.85348,0.455885,-1.25691,-0.0327744,-1.60317,-1.51018,-0.251106,0.88165,-2.34465,-2.08579,2.22083,-1.66231,0.149086,-0.335002,-0.933893,2.4644,-1.31379,-0.799432,-0.37315,2.43407,-2.72796,-0.375777,-0.892457,-0.86181,2.60619,-0.58147,0.0600913,1.02902,0.252513
2.12491,0.239662,0.529954,-1.27832,0.353923,0.0579856,-0.136417,-0.198492,1.63881,0.792687,0.88885,1.90024,1.59947,-1.24427,1.57893,2.1908,-2.51335,2.10629,-1.40455,1.43318,-0.822169,0.9335,-1.5476,-1.43629,2.37907,-0.81414,-1.41792,-1.33738,2.7439,-1.10376,0.212928,-0.466568
0.458509,-0.372055,0.527331,0.209448,0.531785,-0.836418,-1.3932,1.37849,-0.960814,-1.4637,-2.31336,-2.05536,-1.47725,1.18555,1.40483,1.82317,0.405713,0.33848,0.873651,-1.31202,-0.593493,1.9783,1.28181,0.135654,1.72085,0.83773,0.877619,2.07382,1.73987,-1.54988,-0.0223086,-0.632135
-0.269082,-0.443647,-1.67153,-1.59008,-0.912839,-1.54558,0.922116,1.99844,-2.3084,1.31886,-0.752739,-1.70751,0.183325,-2.36081,0.646198,-0.540605,-0.407697,1.77053,0.171423,-0.816768,-1.07154,0.96423,1.95895,0.0600303,0.412885,-2.07212,-0.109043,-1.08649,2.14587,-1.75619,1.27589,-2.26313
-13.0463,-4.59399,-4.60027,-1.74478,-0.042879,-1.97757,-1.31782,0.886837,-0.740166,-0.651845,-0.227015,-2.14476,-1.01269,-11.3572,-0.873226,-2.82586,-14.0067,-2.447,-1.40919,-1.99839,0.0441607,-7.14863,-4.67779,-7.80908,-6.38774,-7.87625,-1.45697,-13.3984,-8.7614,1.24891,-1.50563,-9.85703
-1.22523,-1.34181,-3.17872,0.964847,-1.04346,2.13114,-0.546953,0.528061,0.229469,1.39515,1.21088,0.459273,-0.373638,1.939,0.588762,-1.92806,0.461653,1.18952,-2.03024,2.06759,0.694448,-0.156954,-0.908616,2.35762,1.74795,-0.512193,-1.63646,-3.05343,0.641835,0.463698,1.48714,1.60337
0.746239,-2.39783,2.91879,1.66506,1.66006,1.24049,0.150792,-1.00244,-0.873592,-2.30723,0.044221,-0.901575,0.191931,0.542163,0.333476,-0.212439,0.54326,2.18576,-0.648147,-0.515488,-1.37825,0.88284,1.80701,-2.49297,0.153142,-1.08946,0.961608,0.676137,-1.04975,0.983398,1.57774,0.0703456
-2.0097,-1.91512,1.16175,-0.204626,0.980651,-0.867181,1.65475,0.930169,-1.82003,-1.03302,0.487961,0.926695,1.19642,0.228768,-2.03183,2.27397,-1.47783,0.113071,2.10465,0.572681,0.631949,1.30048,0.490279,-1.56548,-2.41569,-0.945738,3.02512,0.70159,-1.04071,2.55451,0.994446,-1.0452
-0.360946,-1.10883,0.712512,1.11835,-0.175757,-0.930787,-0.318094,1.26777,1.29572,1.36195,-1.5591,0.224158,-1.38301,-0.149266,0.0519121,0.874937,1.94592,2.93496,-1.35316,-1.73513,-2.18522,1.92123,-2.21201,0.134068,1.27411,1.53731,-0.0848134,-0.572253,-1.41499,-0.225257,0.162633,1.89132
-2.11686,-0.00241135,1.27284,1.01178,-2.13709,-1.47404,1.46744,-0.8114,0.105747,-1.17469,1.39296,2.84844,2.32137,-1.86142,-1.18439,0.866696,1.74377,-0.276956,0.114719,-1.92691,-0.349681,-1.37611,1.28663,1.24934,0.379802,1.12891,-0.131626,0.887329,1.62978,-0.960509,-1.52889,-3.13479
1.11335,-1.44325,-1.60634,1.60463,-1.97818,-0.198157,0.520188,1.03513,2.50707,0.0458691,0.483322,0.775872,-2.67009,1.9581,-0.81106,1.47829,-0.331339,-0.0917691,1.6606,-0.719415,0.708125,-2.66707,1.06623,1.37416,-1.04633,1.57555,-0.972411,-2.03494,2.53276,-0.334084,-0.491561,0.20597
0.770806,-1.71041,-1.63216,0.872798,-1.46266,1.27129,-2.03598,-1.78066,0.631087,-3.915,-0.321513,0.0989105,0.497421,1.3994,0.683766,2.16679,-2.72405,-1.52526,-0.625172,-0.217989,-0.695062,0.293497,0.282937,-1.90421,-1.62362,-1.76028,0.470415,-0.565355,0.746025,1.85409,1.79556,0.873531
-0.699271,-0.502334,-2.24848,-1.67015,1.08954,0.967777,-2.2407,0.807707,1.48677,-1.3668,0.799981,-1.22706,0.475448,-1.03027,1.91842,-1.54091,-2.86205,-0.184362,0.225105,-1.21509,-2.02444,-2.28965,1.09876,0.323893,-2.0397,1.45113,1.77237,-0.254677,2.06363,0.494618,0.43147,-1.50172
2.58629,-0.352916,-0.428022,1.2292,0.13712,0.621143,0.00741586,1.2605,0.485397,-0.800839,-1.13038,2.19229,0.530626,0.309671,0.452375,-0.957703,2.57814,-0.435678,-0.863644,0.65353,0.391952,-3.5129,1.11438,0.828942,-1.59325,0.724296,-1.5519,0.901548,-1.13123,-0.758842,1.79092,-2.21543
-1.07294,0.174256,-1.57881,-1.22773,-0.615284,-1.67739,1.91116,-0.851222,1.66551,-2.82141,-0.29136,-1.28761,1.5276,0.372143,1.08667,1.19672,0.353923,0.240181,-2.61089,0.104037,-1.59749,1.46498,-1.53468,-0.024995,-0.136448,2.61165,0.368477,0.545152,-0.665271,0.6245,1.42433,1.8038
3.1977,0.808221,0.685782,-0.756218,-1.0916,2.2598,-1.15302,-1.3368,-1.49177,-0.289227,1.9725,1.57656,2.10971,-0.9494,1.49403,-1.761,-0.0455637,2.43724,1.07971,2.25303,0.87057,-0.296579,0.159063,-2.65121,0.120181,1.20973,-0.815577,-0.572985,-2.49266,-0.265786,1.1612,1.06497
2.43153,0.791742,0.358928,-1.75442,1.37233,-1.32356,-1.09693,0.282571,-1.36097,-0.70104,0.79113,0.189367,-1.43135,-0.362286,0.444197,0.776238,-0.43144,-0.223517,0.322855,-1.2335,-2.50658,-2.06674,-0.632984,-1.77078,0.944514,-3.455,-0.299112,-2.08999,-1.39668,-2.12509,-0.93469,0.300088
-0.719264,-0.416423,2.40604,-0.548387,-1.34449,0.981322,-0.399331,-0.276162,0.0737329,-0.106662,-0.617052,0.470563,0.737172,0.597644,0.0792565,0.0480058,-0.205054,2.68764,1.52367,0.761528,1.7004,0.985232,-2.12913,1.89352,-1.24659,-2.03067,0.512772,-1.84551,1.73946,-1.97165,0.778492,1.24464
-0.826653,-3.28276,-0.0853601,1.23463,-1.92157,-1.93576,0.845148,-0.154696,-2.24308,0.0504473,0.0599077,0.888485,-0.889218,-0.51793,-0.518906,0.462752,-0.297158,-0.347395,0.445234,-2.13932,1.35649,0.741753,-0.942686,0.657457,-1.30802,-0.27549,-1.4305,0.960143,2.54302,2.73825,-0.858581,2.29545
-2.84402,2.28245,-0.247046,1.29249,1.08735,0.252298,-1.59904,-1.73928,0.0211492,-0.465315,0.448134,-1.20206,-0.938902,-0.796016,-0.940733,0.277747,-0.460951,2.69097,0.90002,-0.387676,0.525253,0.502914,-0.585497,0.106008,1.9934,2.69549,-0.0469677,-0.867581,1.44813,-1.25666,-0.119847,1.89871
1.05545,0.806268,1.53444,0.654045,-0.164311,1.49995,-1.09943,-1.89962,-0.793388,-1.40633,-0.808647,0.604667,-1.60012,0.235146,-1.42665,-0.0921656,2.42704,-0.811395,0.85925,-2.41368,1.32975,-2.64245,-0.0738247,1.28474,1.22035,-0.711171,-1.15162,0.248759,-1.06024,-2.77056,1.77816,0.0906403
-1.91562,-2.03452,0.842769,1.16181,1.03461,0.906217,1.07849,2.56584,2.28943,2.6711,-1.74483,-2.59001,-0.633473,-1.26216,0.581656,2.23136,-0.707323,2.60994,1.19291,-0.30076,1.46743,1.70791,0.0457476,-1.99679,1.06842,-0.459945,-0.833736,-2.92542,1.56251,2.73828,-0.386333,1.56728
-0.94055,0.200903,1.79143,-1.69351,-1.77731,-1.14429,-1.61019,-0.261121,0.456435,-0.505966,-1.26942,-1.10004,-1.36189,0.0336006,-1.02918,-2.15225,0.723685,1.85678,1.66476,1.14832,0.451094,1.34284,0.974578,-1.65615,-1.57466,-0.338176,1.07282,-0.0455942,0.866329,0.358896,-1.57967,1.73363
-0.743308,0.944826,1.21021,1.1211,1.5323,-0.597065,1.83505,0.0555744,-0.530232,1.03943,0.441328,0.889645,0.448835,0.723685,1.04694,-0.27897,1.38426,-2.68956,-1.91934,1.18066,0.23252,-1.24873,1.59444,-3.40901,0.614462,-0.985414,-0.0544758,1.91739,0.619984,-1.06601,0.976437,0.32548
0.728202,2.46977,1.26283,0.603686,1.49479,-1.11298,-0.558092,-3.05667,-1.78561,-1.41328,-2.80652,1.09559,-1.30543,1.74496,-1.23664,1.68237,1.49971,-1.04236,-1.04401,0.849117,0.180395,1.15277,1.26917,1.1471,-1.9089,-0.0810875,1.68941,-2.07175,-0.935786,0.686697,1.66848,1.05127
0.746698,-1.16877,-2.70678,0.557421,-1.26649,2.04191,0.00100761,1.28693,-0.937987,0.471541,2.13632,-0.393284,-0.779866,1.6238,-1.19062,-1.24323,-1.59059,-1.14264,-0.273048,-0.60899,-1.52638,1.72835,0.992494,-2.71865,-2.47411,-0.162022,2.45189,-1.0072,0.76525,0.911249,0.134739,0.324564
1.47432,-0.587268,-0.743034,1.73052,-0.11301,-1.61428,-0.791533,0.456343,-1.42195,1.91504,0.827631,1.58786,1.6241,0.208656,-0.0760215,-0.865322,-1.3412,-0.766778,1.77028,1.13172,1.87075,-2.07342,-0.254616,-1.17975,1.52654,2.47118,1.68234,1.8244,-0.396344,0.0590195,0.692495,-0.862847
-2.19236,0.0436114,0.571765,0.483016,0.749505,-0.0839262,0.229195,1.829,-0.944764,1.9161,-1.44319,-0.375225,1.08539,-0.475693,-2.09687,-0.873592,0.376232,-1.0672,0.540208,0.299722,0.331705,-1.86246,0.596789,2.08365,-1.26832,1.96775,-2.17054,0.979736,-2.17997,-1.85275,-0.475846,0.608021
-3.16714,0.382854,-0.336894,-1.4015,0.175207,-1.3994,-0.531478,-1.46723,-0.964538,0.611501,-1.55464,1.79861,-1.92444,-1.02228,-0.920224,-0.115177,2.30534,-1.17322,1.49214,-1.08103,-1.10309,-2.78662,-0.611194,-1.46202,1.1953,0.5356,2.06125,1.63448,-1.19489,-0.0210883,1.85259,0.806514
-2.58726,-0.636466,0.0163865,2.16693,-1.42726,0.529161,-1.76236,-0.624681,2.15074,1.58107,2.16883,-0.0164496,1.15079,0.325724,0.384075,0.0110842,-0.636524,-0.233253,0.991333,0.765614,2.91736,-1.9772,-0.437666,2.0953,-0.859311,2.7431,-0.845733,-0.842525,1.31501,2.21082,-1.71179,-0.165319
0.283243,0.596179,1.27003,-2.09207,1.48018,-1.88034,0.182104,-1.93414,-0.586533,-0.267947,0.254311,0.835806,-1.55531,-1.06769,0.835447,0.100436,-2.21477,1.01416,-2.35553,-1.12589,-0.609367,-2.92804,1.5406,-0.0775473,-0.962404,0.288552,-1.816,1.47875,1.26814,1.10126,-1.09369,1.82247
0.770074,-1.16712,0.301553,1.39619,1.19636,0.874254,2.41288,0.902703,-0.757193,0.0556349,-0.664969,-0.57622,-1.1482,0.548753,-2.21918,-1.74111,-0.295754,0.391988,0.047517,-0.758808,-1.16492,-0.292789,1.1258,-0.287759,1.88248,1.57503,0.482803,1.5782,1.21668,1.18666,1.48769,-2.24158
1.31507,-0.792967,0.520862,2.51812,0.989013,1.85349,0.888791,1.52794,-0.0524005,0.791736,1.86581,-1.86636,2.34779,0.383892,2.04477,-1.84509,0.755639,0.412331,-0.620045,-1.4778,3.13339,1.96793,0.316935,-0.825007,-2.24802,-0.271982,1.43918,-1.46486,-0.46849,0.477218,-0.36314,-0.499744
1.66347,1.53535,0.619219,-2.43742,1.80788,-1.04004,0.862544,-0.988346,0.487285,1.87951,-0.824858,-0.424177,-3.90744,2.64635,-1.63982,0.891323,-0.867092,1.47432,0.754081,-0.661794,-0.0408638,-3.36607,0.362834,1.04941,1.27946,1.32374,-0.773825,1.86575,1.28328,0.832881,1.88183,-0.284646
-1.1117,2.41032,-1.52528,-0.221595,1.3304,-0.707087,0.931333,-0.618519,0.00234577,-1.65577,2.30015,-0.379099,1.17145,-0.740287,0.280679,0.635304,-0.472395,0.416363,-1.24506,1.06952,-1.77315,-0.500474,-0.460829,2.0364,-0.00515803,-2.15308,1.3766,-1.38484,-1.39845,-0.439069,-2.33439,1.32114
0.558275,2.04196,2.84466,1.30407,-1.10505,-1.78347,1.02613,-0.389997,-0.402783,2.24791,0.528001,-0.289984,-1.16718,-0.74059,-0.983337,-2.27372,-2.32047,0.0635703,-1.86484,0.183355,-1.92889,2.09836,-1.86947,1.65932,-0.374981,1.17817,0.616718,0.12302,1.33662,0.111698,-0.774348,-1.30794
0.376842,-0.974548,-0.514694,0.539933,1.32789,-1.61191,-0.910216,-1.32273,-1.44399,-1.24732,-0.994381,-0.720817,1.89907,1.05353,-1.16535,1.19984,-1.26435,-0.614429,-0.790586,-0.358501,-0.0361644,1.15314,1.58675,1.99923,0.324412,1.56783,-0.883295,-1.01179,-0.923765,0.587572,1.07696,-0.815058
1.30958,-1.6838,0.408979,-0.741203,-1.35816,-7.05682,-9.79108,-9.49106,-1.66402,-0.934207,-0.966063,-18.1912,1.86422,-4.69592,-12.2861,-5.29693,-2.93878,-8.2203,-0.903015,1.13279,-5.01649,0.67806,-4.6713,-9.38672,1.85476,-10.5206,-9.75852,-2.14583,-7.46784,-3.84423,-1.72668,-2.91088
-0.197973,0.964476,0.00283814,-1.65651,-0.460034,-2.44218,0.920833,2.05078,-0.826747,1.70883,0.889432,1.90389,-1.72033,1.77035,-1.07965,1.36439,0.0948816,1.26161,-0.0578663,1.5508,1.1344,-1.03833,2.20682,1.41572,-0.4373,-1.59926,-1.22309,1.79385,-1.67641,1.9624,-2.12918,0.586234
-0.080356,0.594226,-0.032746,1.60219,0.636708,-0.0597244,0.0572225,2.02627,-2.40764,0.433484,0.219367,-2.18189,-0.838066,0.543382,-0.479202,0.963256,0.956603,-1.43361,-0.776849,-1.08643,-0.911628,0.364665,-0.380902,2.15025,0.889278,-0.972412,0.269692,-0.967958,-1.00171,0.831812,0.251259,-1.4279
0.77786,0.183504,-2.13284,-0.828028,-1.44044,-0.738823,0.792169,1.51784,-1.71774,-1.96934,1.78811,-0.80102,-1.62301,0.99799,0.656362,0.123477,-0.596545,0.068392,-0.121433,1.10218,-0.53633,0.362408,0.265846,-1.88931,-0.155919,0.0359206,-1.30378,-0.225928,2.06412,-0.476913,0.909457,-0.203345
-0.227301,0.38847,2.01956,-0.291025,1.6747,1.43929,-1.53548,-0.929193,-2.5714,1.15308,-1.26234,-2.32054,0.179754,-0.403302,1.25953,-0.354595,-1.64669,-1.45918,-0.739552,1.5396,-0.512833,-0.361248,-1.35875,-0.0384509,-3.29448,0.591815,2.8623,2.47813,-1.15284,-1.01141,0.801444,0.973479
1.57759,0.787042,0.77828,0.606861,-1.61221,-0.830684,1.78573,0.183081,-1.1366,-1.62947,-1.79043,0.297372,-0.229769,-2.67443,-0.0475784,1.2147,-1.28956,1.05139,-2.56279,0.469161,-0.252235,-1.63683,1.31287,0.70867,0.587512,2.22538,-1.34712,-2.41521,1.8978,2.42888,1.74178,1.26258
-0.184942,-1.1125,-0.989506,0.453902,1.39555,1.54707,0.0025331,0.86822,-0.194861,1.02313,1.35594,-1.08722,-0.410658,1.88387,-1.32389,-2.18106,-0.954955,2.43974,-0.667348,-0.441511,-0.549364,-1.84106,0.413739,0.724479,-1.53456,1.9335,-0.772393,-0.0176705,-0.562454,0.622853,0.263711,2.63607
-1.59084,1.02888,0.962157,0.426068,-2.5764,-1.92684,-0.294595,1.10224,-2.4564,-1.21046,-0.9111,-0.117283,3.00656,1.9465,-0.354046,-1.94449,0.562914,0.114262,0.50206,-1.49983,-1.75259,-1.15724,-0.641221,-2.13327,-1.86139,0.270211,-0.438919,-1.50416,1.07215,-0.927183,-0.357585,0.655324
1.16916,-2.22663,-1.43451,0.538072,-0.0845056,0.0385454,-0.677847,-1.46519,-0.976743,0.744438,1.63082,1.85086,-2.52605,0.283303,0.919797,-0.57027,-2.42594,2.04551,-1.15784,-0.0715048,0.506638,-0.166479,-0.31492,-1.57747,0.912774,-0.498581,-2.62572,1.12867,0.859004,1.7109,-1.26875,0.45027
-0.071871,-1.43599,-0.298834,-0.572192,1.47181,-0.650811,0.206458,-1.79965,0.165136,2.07309,-1.28889,0.831019,0.33317,-0.32255,-1.57707,1.21076,2.02817,2.17234,2.53471,-1.29337,0.683157,1.74944,-0.525836,-1.15494,-1.42919,0.186529,-2.90521,0.881835,-1.95557,-0.475356,-1.19404,0.364303
0.431685,0.674063,-0.77245,-2.33122,-1.27863,-1.63762,0.32255,0.0636006,2.16944,0.948973,0.503708,-0.562735,1.73699,-0.052858,-1.51888,0.65154,-0.0937228,0.500107,-0.596484,-0.0871581,-0.349711,-0.202979,-1.19562,-1.85421,1.40931,0.460555,-1.42384,-0.713794,0.195654,-1.24915,-0.0182175,-2.64226
-0.30369,1.10818,-0.762139,1.8671,-0.415449,0.711053,0.976776,-1.24244,0.543809,-1.69732,0.580558,0.939997,0.975523,0.359111,-0.651723,1.6097,-1.34974,-0.402509,-1.41799,-1.45131,0.307199,1.49031,-2.41875,1.83871,-2.26866,-0.640305,-0.271462,-2.73775,-1.04828,0.888458,-0.398236,0.359233
-0.579943,-2.25566,0.22837,1.29563,1.05963,0.877438,-0.983089,-1.41236,-2.02137,-0.0815452,1.91922,-0.621173,1.80636,2.1893,-1.21003,-2.2067,1.06751,-1.01581,-2.5306,0.206272,-1.07611,-0.920347,-0.85589,0.788564,1.4366,2.12321,-0.969787,-0.0473341,-0.997128,0.608996,-0.173559,-2.38682
1.52272,2.01889,0.896389,-1.73385,1.16462,0.237221,0.916074,-1.74941,-0.0822785,-1.17118,1.40803,0.442793,-2.08221,-0.910153,1.1836,-0.460738,-1.39345,0.189245,1.25373,-1.43184,0.70745,-2.99123,0.66027,-1.15912,-1.57576,-2.00473,1.32032,-0.695639,-0.608915,1.6588,-0.382855,-1.12867
0.419538,-0.854302,1.06726,-3.48646,-0.346171,0.113499,1.57051,-0.425031,2.15891,0.174047,1.99014,1.20524,-0.561144,-0.679861,2.69737,2.04947,-1.43477,-1.40321,-2.05563,-0.472335,-1.14134,-0.73101,1.2624,-0.0438548,1.7156,-0.32548,-0.0872528,-0.403242,2.41264,-1.58535,2.5129,-1.28297
-2.07297,-1.77761,-0.364758,-0.287545,-2.82909,-0.834989,-1.31007,1.21195,-0.641957,0.907072,1.31632,-1.72323,0.189429,0.553637,-0.585376,1.4023,1.62764,0.115879,0.291513,0.276162,2.37114,0.469649,1.29817,-0.381695,-0.233317,-1.50716,0.979007,1.99179,1.13562,-0.626884,0.0052797,-1.98355
2.8048,2.01883,-0.183443,-1.24323,0.289651,1.0495,-0.185949,0.28486,0.471963,1.17072,1.20966,-1.35993,2.77099,-1.07941,2.37309,2.37816,-1.59636,0.740745,0.996525,0.51735,0.94586,-0.553484,2.33573,-0.407392,0.581285,2.1323,1.26411,-0.0191354,-0.0959176,0.322551,-1.03195,1.07913
-2.65016,0.377671,0.168371,-0.248146,-2.08957,-2.28651,0.173525,1.48538,-0.234962,-1.64546,-2.67473,-2.14316,0.334088,-1.86853,-1.96438,2.25269,-0.828303,-1.72396,-0.354687,0.792626,2.40849,0.927915,-2.77448,0.122593,0.916648,1.01605,1.29389,1.6686,0.159367,0.879762,-0.732047,-0.435534
-1.44419,-1.64678,-1.90585,-1.11316,0.783074,2.47923,2.0419,0.588336,1.60277,-2.77172,0.741719,-1.83843,-1.36973,1.46229,1.28608,-0.0845973,-0.321757,1.21271,-0.187719,-1.5627,0.745632,2.2902,-1.18061,0.0124211,-1.61141,0.376511,0.0519121,-0.837919,0.0714443,-1.83847,-0.587263,2.32335
-0.180456,-1.86306,0.350352,1.00214,0.624561,-0.678271,-0.669118,1.29313,0.15018,-0.509841,1.24781,0.067202,1.44197,-0.136326,0.491256,0.489609,-0.289345,0.144141,0.395977,-1.32841,-2.05704,-0.118478,-0.317362,-1.23475,0.368516,-1.77694,-1.9039,0.258767,1.26478,-1.75247,-0.561876,0.0251773
-0.742302,-0.579581,-2.16794,-0.409955,-0.583937,1.12149,-0.971313,2.24003,-1.41121,-1.6636,0.83056,0.424482,1.11322,1.40077,1.01428,-1.39393,1.11066,1.53657,1.43833,1.64217,1.85528,-2.40788,0.868527,0.500046,0.591052,-0.068941,-1.54897,1.59901,-1.76992,0.951475,0.725791,-2.484
-0.07651,-0.0123653,0.306192,0.765252,-1.58803,0.166173,-1.48012,-1.4908,-1.86352,-1.21094,2.2786,-1.68337,-1.8749,1.0622,1.43513,1.19337,-0.435987,0.841182,-0.965392,-0.827512,-1.07941,-2.12363,-0.647816,-0.390938,0.658256,-1.53713,1.95737,2.71999,-2.04898,-0.781671,1.33448,0.396771
-0.711295,-0.91876,2.65801,0.886471,0.862118,-0.414807,-1.45088,-0.989593,1.70469,1.52052,1.00507,-0.406048,1.26624,-1.65865,2.80929,-0.790336,0.533735,0.881734,-1.23609,1.21442,-1.15754,1.02673,0.239264,0.561511,1.29093,-1.71255,-1.11335,-0.362316,-3.09562,-2.40477,-0.418867,0.10712
0.917785,-1.2834,-1.5555,-1.82626,-0.173409,-0.89825,1.15351,0.185827,-0.179967,-1.16419,0.273695,0.869623,1.05884,1.4452,-0.955321,-1.24335,3.02227,-0.886411,0.815425,-2.36143,-0.122563,1.3072,0.533677,0.788812,-1.90299,2.89947,0.0936931,-0.335917,2.88937,-1.78664,-1.41047,-0.218421
-0.734428,0.536119,-0.478744,1.19947,-1.95474,0.713981,-0.344093,-0.999974,-1.04597,-2.55723,1.67037,0.353888,-1.32426,-0.391887,1.76504,-1.39344,0.829584,-0.698842,0.0190439,0.821345,0.667013,0.684011,0.872615,-0.619739,0.531907,-0.470596,0.640922,-0.93625,0.230201,0.95172,-1.17865,-0.947386
0.676564,-0.20713,0.986999,-1.05469,-1.45649,-1.48801,-1.48439,-0.537949,2.45048,1.25523,2.08273,1.02972,-1.94873,0.163854,-1.5688,1.1033,0.362408,-1.48478,-2.09042,-1.27906,0.0409252,2.57646,2.45878,-0.718984,1.29963,1.55977,1.95779,-1.7969,1.67281,0.0728481,-0.218973,1.1963
-3.29405,-1.18036,-1.54213,0.632433,-1.38167,1.38367,-1.12018,-0.596297,1.05371,0.0693691,-1.51051,0.31309,0.145665,-1.43026,-1.25916,-1.18653,-0.692922,2.04575,-0.933349,1.60976,2.28026,-2.69293,0.630481,1.13086,-1.83035,0.719107,-0.785453,0.872125,2.78164,-0.968907,-1.81661,0.803913
0.435347,-2.17722,2.79686,3.098,1.49028,-1.05194,3.00833,-2.28807,1.80667,1.55721,-1.79598,1.14276,0.65035,0.769767,-0.983463,-0.133824,-0.115085,1.4355,-1.44936,0.647577,-2.62087,1.13886,0.29136,1.01819,0.750659,-2.2114,0.108309,1.09357,0.544176,-0.247108,-0.849239,-0.0769323
0.918637,-0.5313,0.704456,-0.0896934,1.1869,2.36732,2.0047,0.208475,1.92251,0.66228,0.837065,-1.43056,2.00937,2.35472,-1.47554,2.76891,0.158787,-0.410138,2.31831,0.829676,1.94699,-0.911376,1.83675,-1.38362,-0.922056,0.499867,0.0575579,-0.350017,0.300699,-1.32649,0.505906,1.94602
0.537956,-0.823663,-2.13617,-0.41557,0.270181,0.86993,-1.68611,0.589225,0.956725,-1.24275,0.127415,0.84314,-1.36342,-0.196204,0.452315,-1.23219,-0.476002,-0.334244,-0.60723,0.844111,0.712483,-1.31541,0.208228,0.755365,-1.23731,-1.73928,-0.50969,1.51338,-1.8631,-2.10269,0.756888,1.80563
1.6216,0.621082,-1.2798,1.03622,1.47261,1.77694,-1.52214,-1.47047,-1.19642,-0.965205,0.805595,0.07651,1.08948,0.458325,-0.380597,-1.32679,-2.11978,-1.63106,-0.949828,-0.848201,-0.703913,-1.98959,-0.184454,-3.69417,-1.99302,1.5378,1.81631,1.1814,0.781613,1.36668,-1.91391,-0.440534
1.52369,-0.97821,1.32167,-1.00549,0.394024,1.95322,-1.90012,1.39308,0.890988,-0.663203,1.91528,2.35118,1.16163,-1.75924,0.273842,-0.704765,-0.336585,-2.26622,-0.404706,-2.57975,-0.56035,1.34034,2.74902,-1.03269,-0.753471,2.33735,-0.991638,1.51234,-0.548326,0.247597,-1.68814,-0.779107
1.08362,-1.77053,-2.24869,0.258434,-0.520859,1.32411,-1.80014,-0.428331,-2.28465,-0.867551,0.399573,-1.92611,1.18583,-0.619007,-1.61421,1.61074,-0.0733968,-0.118382,1.08051,1.74069,1.1233,1.52827,-1.59664,1.58645,-0.556051,-2.01309,2.53099,2.16495,-0.568224,0.691973,-1.75631,0.990356
0.762871,-2.24936,-5.11511,-4.10945,0.902554,-0.637929,-14.0065,-5.28019,-2.05944,-8.51337,-4.92203,-6.73815,-5.98187,-1.41084,-1.01764,1.29475,-9.67695,-6.65591,-5.76209,-17.1847,-7.00406,-2.68722,-0.415723,-3.58901,1.00726,-7.74982,-0.559252,-1.20893,-8.03807,-8.96771,-0.154638,-1.46239
-2.51823,-3.45143,-0.161932,1.36592,0.498273,-2.26328,0.738334,0.879511,-0.448718,-0.265206,-0.909972,1.34047,-1.45942,2.31377,0.190893,1.20419,0.0202341,0.332101,-0.170202,0.114292,0.897886,-0.232062,-0.372851,1.67989,-0.917962,-0.520676,-2.46715,-1.06272,-1.36784,-0.706717,1.9075,-1.87616
0.485947,0.451125,1.1562,-0.375714,-2.21012,-1.22156,1.01117,1.15235,1.71737,-1.61207,-1.71343,-2.40165,1.7778,1.20579,-2.67015,-1.72195,1.79983,-1.43073,-0.0345818,-1.80075,-1.33827,-2.06669,-2.52971,-0.947382,1.82553,-0.0214865,-1.71907,1.49061,-0.506211,-0.157722,-1.61366,1.06397
1.65041,-2.0224,0.47557,1.14607,0.501969,0.616411,2.63036,1.39509,-1.70443,0.701407,-0.411664,-0.727531,-0.671132,-0.89227,0.556844,0.303629,0.610152,-1.16663,-0.051729,-2.75042,2.40978,2.03998,-1.95523,0.697958,-1.76034,-0.851558,0.348613,-0.815119,-0.142858,-2.61692,-0.777364,-1.90872
0.33317,-0.366191,-0.0156254,-0.523911,0.155003,1.5099,-1.78279,0.0257878,1.06982,-0.38859,1.78322,0.383068,1.20294,-1.4007,0.609397,-0.169985,-1.08082,1.14728,1.87661,-0.184088,-0.158544,1.62783,0.600574,-0.810357,2.93175,-0.550951,-1.69612,-0.607773,-0.269265,0.21897,-1.50883,2.72308
-1.06494,0.9743,1.81691,-1.46016,1.72237,1.66848,-2.29404,-0.103183,-1.35853,-1.06433,3.03767,-1.92935,1.19874,1.34141,-1.47651,-0.909665,0.71645,0.659352,1.63759,-1.80188,0.543323,-2.03318,-0.423811,-0.26255,1.18854,1.3238,0.0478805,-1.01233,-0.773309,0.625321,-1.93929,0.347174
-8.46258,-12.9552,-5.14207,-0.154393,-1.05775

